nan nan
  20.992444	 38.638750
  20.992083	 38.639139
  20.992083	 38.640806
  20.991639	 38.641278
  20.990778	 38.641278
  20.990417	 38.641667
  20.990417	 38.642472
  20.988722	 38.644194
  20.988722	 38.646639
  20.987917	 38.647500
  20.987917	 38.652472
  20.989611	 38.654139
  20.989611	 38.664167
  20.988722	 38.665000
  20.988722	 38.665806
  20.987917	 38.666667
nan nan
  20.946667	 38.666194
  20.945806	 38.665389
  20.944139	 38.665389
  20.942889	 38.666667
nan nan
  20.336250	 38.189972
  20.341639	 38.195389
  20.342528	 38.195389
  20.342861	 38.195806
  20.342917	 38.197500
  20.342500	 38.197917
  20.341611	 38.197917
  20.340000	 38.199556
  20.339139	 38.199556
  20.338278	 38.198750
  20.336222	 38.200806
  20.336667	 38.201250
  20.337444	 38.201250
  20.338333	 38.202056
  20.341667	 38.202028
  20.343306	 38.203750
  20.345861	 38.203722
  20.347417	 38.205444
  20.349167	 38.205389
  20.349528	 38.205778
  20.349556	 38.210833
  20.351222	 38.212500
  20.351250	 38.214944
  20.352472	 38.216222
  20.353361	 38.216222
  20.354583	 38.217500
  20.354556	 38.218361
  20.355361	 38.219167
  20.355417	 38.220806
  20.356194	 38.221611
  20.356194	 38.223333
  20.357056	 38.224139
  20.357056	 38.224944
  20.357917	 38.225806
  20.357944	 38.240000
  20.357056	 38.240806
  20.357028	 38.242472
  20.356222	 38.243306
  20.356222	 38.244167
  20.355333	 38.244972
  20.355389	 38.247500
  20.354583	 38.248278
  20.354556	 38.253306
  20.355417	 38.254111
  20.355389	 38.255833
  20.357917	 38.258306
  20.357889	 38.260833
  20.358333	 38.261250
  20.365806	 38.261222
  20.366667	 38.262083
  20.367472	 38.262083
  20.368278	 38.261222
  20.369139	 38.261250
  20.370833	 38.259528
  20.374972	 38.259556
  20.377056	 38.261611
  20.377111	 38.264139
  20.376222	 38.265000
  20.377083	 38.265861
  20.377056	 38.268306
  20.377917	 38.269139
  20.377917	 38.269972
  20.379139	 38.271250
  20.381611	 38.271194
  20.382472	 38.272056
  20.384944	 38.272083
  20.386250	 38.273278
  20.386222	 38.275000
  20.387889	 38.276611
  20.387861	 38.279139
  20.388722	 38.280000
  20.387917	 38.280861
  20.387917	 38.282444
  20.387028	 38.283306
  20.387056	 38.289139
  20.386250	 38.290000
  20.386222	 38.294111
  20.387083	 38.294972
  20.387056	 38.297500
  20.386250	 38.298361
  20.389556	 38.301639
  20.389556	 38.302500
  20.392083	 38.304972
  20.392028	 38.309944
  20.391222	 38.310806
  20.391222	 38.312472
  20.391639	 38.312861
  20.393306	 38.312861
  20.394528	 38.314139
  20.394528	 38.315806
  20.395389	 38.316667
  20.395389	 38.317472
  20.396250	 38.318333
  20.396250	 38.319194
  20.397111	 38.320000
  20.397083	 38.322500
  20.397889	 38.323306
  20.397944	 38.324167
  20.398722	 38.324972
  20.398722	 38.326639
  20.399500	 38.327500
  20.399583	 38.328306
  20.398778	 38.329139
  20.398778	 38.330000
  20.399556	 38.330806
  20.399583	 38.335000
  20.399167	 38.335389
  20.398278	 38.335389
  20.397917	 38.335833
  20.397889	 38.338306
  20.398750	 38.339167
  20.398722	 38.345806
  20.397889	 38.346667
  20.397889	 38.348333
  20.397083	 38.349111
  20.397028	 38.354139
  20.399556	 38.356611
  20.399556	 38.357472
  20.400000	 38.357889
  20.402472	 38.357889
  20.404500	 38.355806
  20.404528	 38.355000
  20.405389	 38.354139
  20.405417	 38.353278
  20.406222	 38.352472
  20.406222	 38.351694
  20.407917	 38.349972
  20.407833	 38.348306
  20.408722	 38.347444
  20.408750	 38.345806
  20.409556	 38.345000
  20.409556	 38.343333
  20.410444	 38.342500
  20.409556	 38.341639
  20.409583	 38.340833
  20.408722	 38.339972
  20.408722	 38.339167
  20.410778	 38.337056
  20.411194	 38.337500
  20.411194	 38.338306
  20.412056	 38.339167
  20.412028	 38.341639
  20.412472	 38.342111
  20.413333	 38.342111
  20.414139	 38.341250
  20.415028	 38.341250
  20.415389	 38.341667
  20.415389	 38.342444
  20.416250	 38.343306
  20.416222	 38.344167
  20.417028	 38.344972
  20.417056	 38.349167
  20.417500	 38.349556
  20.418306	 38.349556
  20.419944	 38.351222
  20.420833	 38.351250
  20.421694	 38.352111
  20.422500	 38.352056
  20.424139	 38.353722
  20.424944	 38.353722
  20.425806	 38.354583
  20.426694	 38.354583
  20.427472	 38.355389
  20.429944	 38.355417
  20.430806	 38.356278
  20.434167	 38.356222
  20.434944	 38.357028
  20.436639	 38.357028
  20.437500	 38.357889
  20.441639	 38.357917
  20.442889	 38.356667
  20.442889	 38.355000
  20.442028	 38.354139
  20.442056	 38.351694
  20.441194	 38.350833
  20.441194	 38.348306
  20.442083	 38.347444
  20.442083	 38.345861
  20.442889	 38.345000
  20.442917	 38.343333
  20.443722	 38.342472
  20.443722	 38.340028
  20.444528	 38.339167
  20.444556	 38.336639
  20.443694	 38.335778
  20.443694	 38.334972
  20.444583	 38.334194
  20.443722	 38.333333
  20.445389	 38.331667
  20.445389	 38.330806
  20.447000	 38.329167
  20.447028	 38.328306
  20.447444	 38.327917
  20.448333	 38.327917
  20.448694	 38.327500
  20.448694	 38.326639
  20.449139	 38.326194
  20.450028	 38.326194
  20.451611	 38.324611
  20.452500	 38.324611
  20.453306	 38.323750
  20.454167	 38.323750
  20.454972	 38.322889
  20.459194	 38.322917
  20.459972	 38.323722
  20.460778	 38.323722
  20.461639	 38.324528
  20.465806	 38.324556
  20.466667	 38.325417
  20.467444	 38.325417
  20.469194	 38.327083
  20.469972	 38.327083
  20.470361	 38.326639
  20.470361	 38.325778
  20.471250	 38.324972
  20.471250	 38.323333
  20.472056	 38.322472
  20.472083	 38.319944
  20.470417	 38.318333
  20.470778	 38.317889
  20.471639	 38.317889
  20.472083	 38.317472
  20.472083	 38.316639
  20.473694	 38.314972
  20.473722	 38.314111
  20.477444	 38.310361
  20.485000	 38.310389
  20.485861	 38.311250
  20.489139	 38.311222
  20.490000	 38.312083
  20.490806	 38.312083
  20.491222	 38.312472
  20.491222	 38.314139
  20.491639	 38.314528
  20.493333	 38.314556
  20.494556	 38.315806
  20.494528	 38.317472
  20.495389	 38.318333
  20.495389	 38.320000
  20.495833	 38.320389
  20.496694	 38.320389
  20.497500	 38.321194
  20.503306	 38.321222
  20.505389	 38.323306
  20.505389	 38.325028
  20.505806	 38.325417
  20.506694	 38.325417
  20.507056	 38.325833
  20.507111	 38.326639
  20.507472	 38.327083
  20.508278	 38.327083
  20.510000	 38.328694
  20.510806	 38.328694
  20.511667	 38.329556
  20.513278	 38.329583
  20.514139	 38.330389
  20.516667	 38.330389
  20.519556	 38.333306
  20.519556	 38.335833
  20.520861	 38.337083
  20.521639	 38.336250
  20.522083	 38.336639
  20.522056	 38.340833
  20.522500	 38.341222
  20.523278	 38.341222
  20.523722	 38.341639
  20.522917	 38.342472
  20.523361	 38.342889
  20.526611	 38.342889
  20.527500	 38.342111
  20.528306	 38.342056
  20.529111	 38.341250
  20.530778	 38.341250
  20.531639	 38.342056
  20.533306	 38.342056
  20.534972	 38.343722
  20.535833	 38.343750
  20.536194	 38.344139
  20.536194	 38.345806
  20.537056	 38.346667
  20.537056	 38.347472
  20.536250	 38.348333
  20.536250	 38.349167
  20.535806	 38.349583
  20.534139	 38.349556
  20.533333	 38.350417
  20.532472	 38.350417
  20.531222	 38.351611
  20.531222	 38.352472
  20.531639	 38.352944
  20.532444	 38.352889
  20.533306	 38.353750
  20.540000	 38.353722
  20.540806	 38.352917
  20.541667	 38.352861
  20.543778	 38.355000
  20.543750	 38.355778
  20.544556	 38.356639
  20.544556	 38.357500
  20.546222	 38.359167
  20.546194	 38.359972
  20.547083	 38.360778
  20.547083	 38.361639
  20.546194	 38.362500
  20.546194	 38.363306
  20.544583	 38.365000
  20.544556	 38.368333
  20.543750	 38.369167
  20.543750	 38.369972
  20.542861	 38.370833
  20.543722	 38.371639
  20.543722	 38.372500
  20.541694	 38.374556
  20.540806	 38.374611
  20.539139	 38.376194
  20.534972	 38.376250
  20.534111	 38.377028
  20.532500	 38.377028
  20.531639	 38.377889
  20.529167	 38.377889
  20.527472	 38.379583
  20.526667	 38.379583
  20.525361	 38.380778
  20.525361	 38.381639
  20.526222	 38.382500
  20.526194	 38.385028
  20.525750	 38.385417
  20.524972	 38.385417
  20.524583	 38.385806
  20.524583	 38.386611
  20.525389	 38.387472
  20.525389	 38.388333
  20.525806	 38.388750
  20.526611	 38.388750
  20.527500	 38.387889
  20.528306	 38.387889
  20.529167	 38.387083
  20.535778	 38.387056
  20.536222	 38.386667
  20.536222	 38.384944
  20.537028	 38.384139
  20.537056	 38.382500
  20.537917	 38.381639
  20.537944	 38.380833
  20.537056	 38.379972
  20.538306	 38.378722
  20.539972	 38.380389
  20.542528	 38.380389
  20.543306	 38.381194
  20.544111	 38.380389
  20.544972	 38.381194
  20.545778	 38.381194
  20.546222	 38.381667
  20.546222	 38.382472
  20.547083	 38.383333
  20.547083	 38.385000
  20.547944	 38.385806
  20.547944	 38.386639
  20.547500	 38.387056
  20.546611	 38.387056
  20.546250	 38.387500
  20.546222	 38.390833
  20.545806	 38.391222
  20.545000	 38.391278
  20.544556	 38.391667
  20.544556	 38.393333
  20.545417	 38.394139
  20.545417	 38.395000
  20.543722	 38.396639
  20.543722	 38.397500
  20.542028	 38.399167
  20.542028	 38.400806
  20.541667	 38.401222
  20.540861	 38.401222
  20.540417	 38.401611
  20.540389	 38.405000
  20.539583	 38.405833
  20.539583	 38.406639
  20.539944	 38.407056
  20.542500	 38.407056
  20.542861	 38.407472
  20.542833	 38.409111
  20.541667	 38.410361
  20.540806	 38.410361
  20.540000	 38.411222
  20.539111	 38.411222
  20.537889	 38.412472
  20.537944	 38.413278
  20.538306	 38.413750
  20.539111	 38.413750
  20.539528	 38.414139
  20.539528	 38.415806
  20.539972	 38.416194
  20.544111	 38.416222
  20.544556	 38.416667
  20.543306	 38.417889
  20.542500	 38.417861
  20.541250	 38.419139
  20.542056	 38.420000
  20.542056	 38.420778
  20.542917	 38.421667
  20.542889	 38.424111
  20.542444	 38.424583
  20.541667	 38.424556
  20.541222	 38.424972
  20.541222	 38.425833
  20.540417	 38.426611
  20.540389	 38.427472
  20.539972	 38.427889
  20.538278	 38.427861
  20.537056	 38.429194
  20.537028	 38.429972
  20.536611	 38.430389
  20.535806	 38.429583
  20.533750	 38.431639
  20.533750	 38.432500
  20.534556	 38.433306
  20.534583	 38.436611
  20.535389	 38.437472
  20.535389	 38.438333
  20.534583	 38.439139
  20.534583	 38.440000
  20.533694	 38.440833
  20.533694	 38.442444
  20.534111	 38.442917
  20.535806	 38.442917
  20.536667	 38.442056
  20.537472	 38.442056
  20.539139	 38.443722
  20.540000	 38.442944
  20.540806	 38.442944
  20.541250	 38.443333
  20.541222	 38.447444
  20.540417	 38.448306
  20.540389	 38.451694
  20.541250	 38.452500
  20.541222	 38.459139
  20.539611	 38.460833
  20.539611	 38.462500
  20.540389	 38.463306
  20.539583	 38.464167
  20.539583	 38.464972
  20.539139	 38.465417
  20.538333	 38.465417
  20.537917	 38.465806
  20.537889	 38.466667
  20.537028	 38.467472
  20.537000	 38.468333
  20.536194	 38.469194
  20.536278	 38.470778
  20.537500	 38.472111
  20.538306	 38.472056
  20.539972	 38.473722
  20.545861	 38.473750
  20.546667	 38.474556
  20.549139	 38.474556
  20.551611	 38.472056
  20.552500	 38.472056
  20.553278	 38.472917
  20.554972	 38.472917
  20.555833	 38.473722
  20.557500	 38.473722
  20.557861	 38.474139
  20.557861	 38.475000
  20.558306	 38.475389
  20.559972	 38.475389
  20.560778	 38.476194
  20.563306	 38.476222
  20.564556	 38.474944
  20.564556	 38.474167
  20.563778	 38.473306
  20.564139	 38.472889
  20.564944	 38.473750
  20.565806	 38.473750
  20.567500	 38.472056
  20.568278	 38.472056
  20.569083	 38.471250
  20.571639	 38.471194
  20.572500	 38.472056
  20.574111	 38.472083
  20.574556	 38.471611
  20.574556	 38.470806
  20.573694	 38.470000
  20.573694	 38.468306
  20.574139	 38.467889
  20.575000	 38.468694
  20.578278	 38.468722
  20.580833	 38.466250
  20.581639	 38.466250
  20.582889	 38.464944
  20.582889	 38.464139
  20.583694	 38.463361
  20.583722	 38.459972
  20.583278	 38.459583
  20.580806	 38.459556
  20.578333	 38.462083
  20.577889	 38.461667
  20.577889	 38.460806
  20.579583	 38.459167
  20.579583	 38.457500
  20.581194	 38.455778
  20.581194	 38.454139
  20.580417	 38.453333
  20.580778	 38.452861
  20.581639	 38.452861
  20.583778	 38.450833
  20.583778	 38.449972
  20.584944	 38.448778
  20.585833	 38.448778
  20.586250	 38.448306
  20.586194	 38.447444
  20.587083	 38.446667
  20.587083	 38.445861
  20.586194	 38.445000
  20.586222	 38.444139
  20.585417	 38.443333
  20.586222	 38.442472
  20.586222	 38.441611
  20.585806	 38.441222
  20.585000	 38.441222
  20.583694	 38.440000
  20.585000	 38.438750
  20.588278	 38.438694
  20.588722	 38.438306
  20.588722	 38.436639
  20.589167	 38.436250
  20.589972	 38.436250
  20.590417	 38.435778
  20.590417	 38.435000
  20.591222	 38.434139
  20.591222	 38.432472
  20.590806	 38.432083
  20.589111	 38.432056
  20.588750	 38.431667
  20.588694	 38.429944
  20.587028	 38.428333
  20.587472	 38.427889
  20.590028	 38.427889
  20.590389	 38.427500
  20.590389	 38.426639
  20.590833	 38.426250
  20.591639	 38.426250
  20.592500	 38.427056
  20.593750	 38.425778
  20.593750	 38.423333
  20.594194	 38.422861
  20.595000	 38.422861
  20.595361	 38.422472
  20.595361	 38.420806
  20.596250	 38.419972
  20.596250	 38.418306
  20.596611	 38.417889
  20.597500	 38.417917
  20.597917	 38.417444
  20.597944	 38.416639
  20.598750	 38.415861
  20.598750	 38.415000
  20.597889	 38.414139
  20.597889	 38.413333
  20.597528	 38.412917
  20.596639	 38.412917
  20.596222	 38.412472
  20.596639	 38.412056
  20.599111	 38.412083
  20.600361	 38.410833
  20.600389	 38.408306
  20.599944	 38.407889
  20.599139	 38.407889
  20.598278	 38.407083
  20.597472	 38.407083
  20.596694	 38.406222
  20.595806	 38.406222
  20.595389	 38.405833
  20.595806	 38.405417
  20.596694	 38.405417
  20.597056	 38.404972
  20.597056	 38.404167
  20.597500	 38.403722
  20.599972	 38.403722
  20.600861	 38.402861
  20.605000	 38.402889
  20.605417	 38.403333
  20.605417	 38.404139
  20.605861	 38.404528
  20.606667	 38.404556
  20.607472	 38.403750
  20.609139	 38.403750
  20.611194	 38.401639
  20.611194	 38.400833
  20.612056	 38.400000
  20.612083	 38.396667
  20.611222	 38.395806
  20.612083	 38.395000
  20.612028	 38.391694
  20.611250	 38.390833
  20.611250	 38.389167
  20.611611	 38.388778
  20.612472	 38.388778
  20.612917	 38.388306
  20.612944	 38.385861
  20.613750	 38.385000
  20.613667	 38.383333
  20.616222	 38.380833
  20.616250	 38.380028
  20.617056	 38.379167
  20.617056	 38.377500
  20.617861	 38.376667
  20.614972	 38.373722
  20.613306	 38.373722
  20.612861	 38.373306
  20.612861	 38.372472
  20.613306	 38.372056
  20.615833	 38.372083
  20.617028	 38.370806
  20.617028	 38.369167
  20.617889	 38.368306
  20.617917	 38.364972
  20.619611	 38.363333
  20.619611	 38.361667
  20.620417	 38.360806
  20.620361	 38.359139
  20.621222	 38.358306
  20.621250	 38.355833
  20.622056	 38.354972
  20.622056	 38.354167
  20.622917	 38.353333
  20.622917	 38.351667
  20.623722	 38.350806
  20.623750	 38.350000
  20.624556	 38.349139
  20.623750	 38.348278
  20.624556	 38.347500
  20.624583	 38.339139
  20.625389	 38.338333
  20.625417	 38.334167
  20.627028	 38.332500
  20.627056	 38.329139
  20.627917	 38.328333
  20.627917	 38.326667
  20.628722	 38.325806
  20.628750	 38.322500
  20.627889	 38.321639
  20.627917	 38.316667
  20.627472	 38.316250
  20.626667	 38.316250
  20.625361	 38.315000
  20.625389	 38.314139
  20.624139	 38.312917
  20.623361	 38.312917
  20.622472	 38.313722
  20.622028	 38.313306
  20.622056	 38.311667
  20.621611	 38.311250
  20.617472	 38.311250
  20.615806	 38.309583
  20.613333	 38.309556
  20.612472	 38.308778
  20.610806	 38.308750
  20.609139	 38.307083
  20.606667	 38.307083
  20.604583	 38.304972
  20.604583	 38.304167
  20.603361	 38.302889
  20.601611	 38.302889
  20.599528	 38.300833
  20.599944	 38.300361
  20.600833	 38.300361
  20.602500	 38.298778
  20.603306	 38.298722
  20.605000	 38.297056
  20.605778	 38.297056
  20.606222	 38.296611
  20.606222	 38.295806
  20.607472	 38.294556
  20.608278	 38.294556
  20.610389	 38.292500
  20.610389	 38.291639
  20.612056	 38.290000
  20.612083	 38.289139
  20.612889	 38.288333
  20.611222	 38.286667
  20.611222	 38.285806
  20.612028	 38.284944
  20.612028	 38.284167
  20.612889	 38.283306
  20.612917	 38.282500
  20.613722	 38.281639
  20.613722	 38.280833
  20.614583	 38.279972
  20.614611	 38.276667
  20.615417	 38.275806
  20.615417	 38.275000
  20.615778	 38.274556
  20.617444	 38.274556
  20.618750	 38.273306
  20.618778	 38.272444
  20.619583	 38.271639
  20.619583	 38.270833
  20.622917	 38.267472
  20.622944	 38.266611
  20.623750	 38.265833
  20.623750	 38.265028
  20.624556	 38.264167
  20.624556	 38.262500
  20.625417	 38.261639
  20.625361	 38.260806
  20.626222	 38.260000
  20.626250	 38.259139
  20.629972	 38.255417
  20.630833	 38.255417
  20.631278	 38.254972
  20.631278	 38.254111
  20.631639	 38.253722
  20.632444	 38.253722
  20.633306	 38.252917
  20.634972	 38.252917
  20.635861	 38.252056
  20.644139	 38.252083
  20.645000	 38.252889
  20.647472	 38.252917
  20.648333	 38.253778
  20.649139	 38.253778
  20.650861	 38.255361
  20.652472	 38.255389
  20.653750	 38.256639
  20.653750	 38.257444
  20.654556	 38.258306
  20.654556	 38.259167
  20.654972	 38.259556
  20.655861	 38.259556
  20.656222	 38.259972
  20.656194	 38.260833
  20.656639	 38.261222
  20.657444	 38.261222
  20.659972	 38.263750
  20.661639	 38.263750
  20.662083	 38.264167
  20.662056	 38.265833
  20.662500	 38.266222
  20.663306	 38.266222
  20.663722	 38.266694
  20.663306	 38.267083
  20.662500	 38.267083
  20.662056	 38.267472
  20.663722	 38.269139
  20.663722	 38.270000
  20.664583	 38.270806
  20.664556	 38.275000
  20.667528	 38.277917
  20.668333	 38.277917
  20.669111	 38.278722
  20.670778	 38.278722
  20.672528	 38.280389
  20.674111	 38.280389
  20.675000	 38.281194
  20.675778	 38.280389
  20.677472	 38.280417
  20.680389	 38.277500
  20.680389	 38.276639
  20.681250	 38.275833
  20.681250	 38.274111
  20.678722	 38.271639
  20.678750	 38.270861
  20.678306	 38.270389
  20.677444	 38.270389
  20.676639	 38.269583
  20.674972	 38.269583
  20.674528	 38.269111
  20.674972	 38.268722
  20.675833	 38.268722
  20.676194	 38.268333
  20.676222	 38.266611
  20.675861	 38.266194
  20.674972	 38.266194
  20.672889	 38.264139
  20.672889	 38.262472
  20.673694	 38.261611
  20.673694	 38.260833
  20.674139	 38.260417
  20.675806	 38.260417
  20.676611	 38.261222
  20.679139	 38.261250
  20.681250	 38.263306
  20.681222	 38.264167
  20.681667	 38.264556
  20.682472	 38.264556
  20.683333	 38.265361
  20.684139	 38.265361
  20.685000	 38.266222
  20.689139	 38.266250
  20.690000	 38.265389
  20.690806	 38.265389
  20.691250	 38.265000
  20.691194	 38.263333
  20.691611	 38.262861
  20.696639	 38.262889
  20.697056	 38.262472
  20.697083	 38.260833
  20.697500	 38.260417
  20.698306	 38.260417
  20.699194	 38.259583
  20.699972	 38.259583
  20.700333	 38.259111
  20.700361	 38.256667
  20.700000	 38.256194
  20.699194	 38.256194
  20.698750	 38.255806
  20.698778	 38.255000
  20.697028	 38.253333
  20.697028	 38.252472
  20.697472	 38.252083
  20.699139	 38.252083
  20.700389	 38.250833
  20.700389	 38.249972
  20.700833	 38.249556
  20.702500	 38.249556
  20.705417	 38.246667
  20.705417	 38.245000
  20.707528	 38.242944
  20.709111	 38.242889
  20.710000	 38.242083
  20.710806	 38.242083
  20.711667	 38.241222
  20.713250	 38.241250
  20.713694	 38.240778
  20.713722	 38.238306
  20.713278	 38.237861
  20.712472	 38.237861
  20.711250	 38.236639
  20.711250	 38.233333
  20.710389	 38.232472
  20.711278	 38.231667
  20.711278	 38.230806
  20.712083	 38.229972
  20.712083	 38.229167
  20.712889	 38.228306
  20.712889	 38.227500
  20.713750	 38.226639
  20.713750	 38.225833
  20.715444	 38.224139
  20.715444	 38.223333
  20.715806	 38.222861
  20.718333	 38.222889
  20.719139	 38.223750
  20.720444	 38.222472
  20.720389	 38.221694
  20.721167	 38.220833
  20.721167	 38.219972
  20.722056	 38.219167
  20.722056	 38.218306
  20.722861	 38.217444
  20.722861	 38.216639
  20.727889	 38.211639
  20.727889	 38.210833
  20.729139	 38.209583
  20.730000	 38.209583
  20.732917	 38.206667
  20.732917	 38.205806
  20.733361	 38.205389
  20.734139	 38.205389
  20.734500	 38.204944
  20.734528	 38.204139
  20.736611	 38.202028
  20.737500	 38.202028
  20.738722	 38.200833
  20.738750	 38.199111
  20.742528	 38.195417
  20.743333	 38.195417
  20.744556	 38.194167
  20.744556	 38.193306
  20.746667	 38.191250
  20.747472	 38.191250
  20.749944	 38.188722
  20.750806	 38.188722
  20.751250	 38.188333
  20.751250	 38.187472
  20.753278	 38.185417
  20.754167	 38.185417
  20.754583	 38.185028
  20.754611	 38.184167
  20.757083	 38.181639
  20.757083	 38.180778
  20.757889	 38.180000
  20.757889	 38.179194
  20.758306	 38.178722
  20.759111	 38.178722
  20.759556	 38.178333
  20.759556	 38.177472
  20.760417	 38.176667
  20.760417	 38.175806
  20.761222	 38.174944
  20.761222	 38.174167
  20.762472	 38.172889
  20.764139	 38.172917
  20.765000	 38.172056
  20.765806	 38.172056
  20.767028	 38.170778
  20.767056	 38.170000
  20.767917	 38.169139
  20.767917	 38.168333
  20.768722	 38.167472
  20.768722	 38.162500
  20.769611	 38.161639
  20.769611	 38.159972
  20.772083	 38.157472
  20.772083	 38.156667
  20.773750	 38.155000
  20.773750	 38.154139
  20.774111	 38.153694
  20.775000	 38.153694
  20.776667	 38.152083
  20.778333	 38.152111
  20.779556	 38.150778
  20.779583	 38.150000
  20.781250	 38.148333
  20.781250	 38.147472
  20.781694	 38.147056
  20.782472	 38.147083
  20.783333	 38.147861
  20.784139	 38.147889
  20.784944	 38.148722
  20.786667	 38.148750
  20.787472	 38.149528
  20.788333	 38.149556
  20.788778	 38.149139
  20.788722	 38.140778
  20.789528	 38.140000
  20.789528	 38.139139
  20.791194	 38.137472
  20.791194	 38.136667
  20.792083	 38.135806
  20.792083	 38.134944
  20.792889	 38.134167
  20.792889	 38.133306
  20.794556	 38.131639
  20.794556	 38.130833
  20.796667	 38.128722
  20.798333	 38.128722
  20.799111	 38.129528
  20.801667	 38.129528
  20.802083	 38.129139
  20.802083	 38.128333
  20.804139	 38.126222
  20.805000	 38.126222
  20.805361	 38.125833
  20.805361	 38.125028
  20.807917	 38.122500
  20.807917	 38.121639
  20.809944	 38.119528
  20.810806	 38.119528
  20.811694	 38.118750
  20.812472	 38.119528
  20.813278	 38.118750
  20.814139	 38.118750
  20.816250	 38.116639
  20.816250	 38.115833
  20.817056	 38.114972
  20.817083	 38.106667
  20.816639	 38.106222
  20.815833	 38.106222
  20.815417	 38.105806
  20.815417	 38.104139
  20.814972	 38.103750
  20.814111	 38.103750
  20.813750	 38.103278
  20.813750	 38.102472
  20.813333	 38.102083
  20.812444	 38.102083
  20.812028	 38.101694
  20.812028	 38.100833
  20.811222	 38.099972
  20.811250	 38.095833
  20.810806	 38.095389
  20.810000	 38.095389
  20.809139	 38.094583
  20.808333	 38.094583
  20.807056	 38.093306
  20.807056	 38.092472
  20.805389	 38.090861
  20.805389	 38.088333
  20.804583	 38.087472
  20.804611	 38.086611
  20.803722	 38.085806
  20.803722	 38.084167
  20.802861	 38.083306
  20.802889	 38.075806
  20.802083	 38.075000
  20.802028	 38.071611
  20.801250	 38.070806
  20.801250	 38.069167
  20.800806	 38.068750
  20.799944	 38.068750
  20.799583	 38.068361
  20.799583	 38.067500
  20.798722	 38.066639
  20.798722	 38.065833
  20.797917	 38.064972
  20.797917	 38.064111
  20.794111	 38.060389
  20.793306	 38.060389
  20.790778	 38.057917
  20.789972	 38.057917
  20.788333	 38.056194
  20.786667	 38.056194
  20.785417	 38.057500
  20.785417	 38.058306
  20.784972	 38.058722
  20.784111	 38.058694
  20.782528	 38.060417
  20.781639	 38.060417
  20.780778	 38.061222
  20.779972	 38.061222
  20.776639	 38.064528
  20.775833	 38.064583
  20.774972	 38.065389
  20.773306	 38.065389
  20.772500	 38.066250
  20.771639	 38.066250
  20.770833	 38.067083
  20.769972	 38.067083
  20.769111	 38.067889
  20.766639	 38.067889
  20.765833	 38.068750
  20.764972	 38.068750
  20.764111	 38.067889
  20.762528	 38.067944
  20.760778	 38.066222
  20.752472	 38.066250
  20.752111	 38.065806
  20.753694	 38.064139
  20.752111	 38.062472
  20.752028	 38.061611
  20.750806	 38.060417
  20.749139	 38.060417
  20.748722	 38.060806
  20.748722	 38.061611
  20.748278	 38.062083
  20.747472	 38.061222
  20.746694	 38.061222
  20.745806	 38.060417
  20.743278	 38.060389
  20.742500	 38.061250
  20.738278	 38.061250
  20.737500	 38.062056
  20.733278	 38.062028
  20.732500	 38.062889
  20.731611	 38.062889
  20.730833	 38.063750
  20.722417	 38.063722
  20.721639	 38.064583
  20.718306	 38.064583
  20.717500	 38.065444
  20.712444	 38.065417
  20.711639	 38.066222
  20.709972	 38.066222
  20.709167	 38.067083
  20.707417	 38.067083
  20.706639	 38.067861
  20.701639	 38.067917
  20.700833	 38.068722
  20.699972	 38.068722
  20.699167	 38.069556
  20.698306	 38.069556
  20.696250	 38.071611
  20.696250	 38.072472
  20.695389	 38.073333
  20.695389	 38.075000
  20.695028	 38.075389
  20.694139	 38.075389
  20.693278	 38.076250
  20.692472	 38.076250
  20.692028	 38.076639
  20.692111	 38.077444
  20.691667	 38.077917
  20.690806	 38.077917
  20.688694	 38.079944
  20.688694	 38.080806
  20.688333	 38.081222
  20.687472	 38.081222
  20.686667	 38.082056
  20.685778	 38.082056
  20.684111	 38.083722
  20.683333	 38.083722
  20.681639	 38.085444
  20.679111	 38.085417
  20.678306	 38.086222
  20.677528	 38.086222
  20.675833	 38.087889
  20.674972	 38.087889
  20.673306	 38.089583
  20.672500	 38.089583
  20.669167	 38.092889
  20.666639	 38.092889
  20.665833	 38.093750
  20.662500	 38.093722
  20.661611	 38.094528
  20.659944	 38.094528
  20.659167	 38.095389
  20.658361	 38.095389
  20.657500	 38.094583
  20.656639	 38.094583
  20.655389	 38.095833
  20.655389	 38.096639
  20.654139	 38.097889
  20.653361	 38.097889
  20.651667	 38.099611
  20.649944	 38.099583
  20.647472	 38.102056
  20.646667	 38.102056
  20.645000	 38.103750
  20.642472	 38.103750
  20.642083	 38.104139
  20.642083	 38.108333
  20.641639	 38.108722
  20.640778	 38.108722
  20.639167	 38.110389
  20.637500	 38.110417
  20.636639	 38.111222
  20.635833	 38.111222
  20.634944	 38.112083
  20.634167	 38.112083
  20.633278	 38.112944
  20.632500	 38.112917
  20.631611	 38.113722
  20.630028	 38.113722
  20.629139	 38.114583
  20.626611	 38.114583
  20.625806	 38.115361
  20.623278	 38.115361
  20.622472	 38.116222
  20.620028	 38.116222
  20.619139	 38.117056
  20.613333	 38.117056
  20.612472	 38.117917
  20.606611	 38.117889
  20.604167	 38.115417
  20.599167	 38.115389
  20.598722	 38.115000
  20.598722	 38.114139
  20.597861	 38.113333
  20.597861	 38.112472
  20.596639	 38.111278
  20.594194	 38.111250
  20.593306	 38.110389
  20.591639	 38.110389
  20.591222	 38.110000
  20.591222	 38.109139
  20.589139	 38.107056
  20.587472	 38.107056
  20.587028	 38.106667
  20.587056	 38.105806
  20.585806	 38.104583
  20.578361	 38.104556
  20.576194	 38.102500
  20.576194	 38.101639
  20.575833	 38.101250
  20.573306	 38.101222
  20.572500	 38.100417
  20.571639	 38.100417
  20.570778	 38.099556
  20.569972	 38.099556
  20.567111	 38.096639
  20.567111	 38.095833
  20.567472	 38.095361
  20.568278	 38.095361
  20.568722	 38.094972
  20.568722	 38.093306
  20.568278	 38.092917
  20.567500	 38.092917
  20.567056	 38.092500
  20.567861	 38.091639
  20.567861	 38.090806
  20.568750	 38.090000
  20.568750	 38.089139
  20.568306	 38.088722
  20.566639	 38.088722
  20.565833	 38.089583
  20.564972	 38.089583
  20.564167	 38.090389
  20.562444	 38.090361
  20.561639	 38.091222
  20.554167	 38.091250
  20.552500	 38.092917
  20.551639	 38.092917
  20.550833	 38.093750
  20.549972	 38.093750
  20.548278	 38.095417
  20.547500	 38.095417
  20.546694	 38.096194
  20.545806	 38.096194
  20.543278	 38.098722
  20.542472	 38.098722
  20.541667	 38.099556
  20.540806	 38.099556
  20.540000	 38.100417
  20.539139	 38.100417
  20.537528	 38.102056
  20.536667	 38.102056
  20.535778	 38.102861
  20.531639	 38.102889
  20.530778	 38.102083
  20.530000	 38.102083
  20.529139	 38.101222
  20.528333	 38.102083
  20.522472	 38.102056
  20.521667	 38.101250
  20.517472	 38.101250
  20.516667	 38.102028
  20.515806	 38.102083
  20.515361	 38.101639
  20.515361	 38.100833
  20.515000	 38.100361
  20.514139	 38.100361
  20.510417	 38.104139
  20.510417	 38.105000
  20.511194	 38.105806
  20.511194	 38.106639
  20.510389	 38.107500
  20.510389	 38.109111
  20.509944	 38.109556
  20.504944	 38.109556
  20.503361	 38.111250
  20.502472	 38.111250
  20.500806	 38.112917
  20.499944	 38.112889
  20.496639	 38.116194
  20.495778	 38.116250
  20.494972	 38.117056
  20.492444	 38.117056
  20.491639	 38.117889
  20.490778	 38.117889
  20.489972	 38.118750
  20.489167	 38.118750
  20.487056	 38.120806
  20.489583	 38.123333
  20.489556	 38.124139
  20.490000	 38.124583
  20.490806	 38.124583
  20.491222	 38.125000
  20.491222	 38.125806
  20.492028	 38.126667
  20.491222	 38.127528
  20.491278	 38.129972
  20.491639	 38.130444
  20.493306	 38.130389
  20.494583	 38.131639
  20.494583	 38.132500
  20.495361	 38.133306
  20.495361	 38.134972
  20.494556	 38.135833
  20.494556	 38.136639
  20.493667	 38.137472
  20.493750	 38.138333
  20.492944	 38.139139
  20.492944	 38.140000
  20.490389	 38.142500
  20.490389	 38.143306
  20.488778	 38.145028
  20.488778	 38.145806
  20.487444	 38.147083
  20.485000	 38.147056
  20.484556	 38.147444
  20.484528	 38.149167
  20.485417	 38.149972
  20.485389	 38.150833
  20.483278	 38.152889
  20.482472	 38.152889
  20.481611	 38.153750
  20.480806	 38.153750
  20.480000	 38.154583
  20.479139	 38.154583
  20.477889	 38.155833
  20.477889	 38.156639
  20.477444	 38.157028
  20.476667	 38.156222
  20.475806	 38.156222
  20.475417	 38.156639
  20.475417	 38.157500
  20.474556	 38.158333
  20.474528	 38.159944
  20.473722	 38.160806
  20.474167	 38.161250
  20.479167	 38.161222
  20.479583	 38.161639
  20.479583	 38.164944
  20.480361	 38.165806
  20.478694	 38.167472
  20.478750	 38.169972
  20.479111	 38.170389
  20.479972	 38.170389
  20.480389	 38.170778
  20.480389	 38.173306
  20.478778	 38.175028
  20.478778	 38.175806
  20.476222	 38.178333
  20.476194	 38.179139
  20.475417	 38.179972
  20.475389	 38.180833
  20.474583	 38.181639
  20.474583	 38.182500
  20.473722	 38.183306
  20.473694	 38.185000
  20.473333	 38.185417
  20.472472	 38.185417
  20.470417	 38.187500
  20.470417	 38.188306
  20.469528	 38.189111
  20.469528	 38.189972
  20.468722	 38.190833
  20.468722	 38.191639
  20.469944	 38.192889
  20.473278	 38.192917
  20.473722	 38.193306
  20.473694	 38.194972
  20.474139	 38.195417
  20.476667	 38.195444
  20.478278	 38.193722
  20.479139	 38.193722
  20.479583	 38.193278
  20.479583	 38.192472
  20.479944	 38.192083
  20.480833	 38.192083
  20.481278	 38.191694
  20.481278	 38.190833
  20.481639	 38.190361
  20.482444	 38.190361
  20.483750	 38.189167
  20.483750	 38.188306
  20.485000	 38.187056
  20.485806	 38.187056
  20.488722	 38.184167
  20.488722	 38.183306
  20.490389	 38.181639
  20.490417	 38.180778
  20.491222	 38.180000
  20.491222	 38.178333
  20.492028	 38.177472
  20.492028	 38.176667
  20.492917	 38.175833
  20.492917	 38.174972
  20.493722	 38.174167
  20.493722	 38.173306
  20.494167	 38.172917
  20.494944	 38.172917
  20.495833	 38.172056
  20.496639	 38.172056
  20.497944	 38.170806
  20.497889	 38.170000
  20.498667	 38.169139
  20.498694	 38.167500
  20.499139	 38.167083
  20.500000	 38.167056
  20.501667	 38.165389
  20.503278	 38.165389
  20.504139	 38.164528
  20.505806	 38.164556
  20.506667	 38.165417
  20.507472	 38.165417
  20.508278	 38.166222
  20.509139	 38.166222
  20.510361	 38.167472
  20.510417	 38.168333
  20.509556	 38.169139
  20.509556	 38.170000
  20.506250	 38.173306
  20.506250	 38.174167
  20.504944	 38.175361
  20.502472	 38.175417
  20.501667	 38.176194
  20.498333	 38.176250
  20.497028	 38.177500
  20.497083	 38.179972
  20.496194	 38.180806
  20.496194	 38.181667
  20.497056	 38.182472
  20.497056	 38.185000
  20.497917	 38.185806
  20.497917	 38.186667
  20.497028	 38.187444
  20.497028	 38.188306
  20.494528	 38.190833
  20.494528	 38.192472
  20.493278	 38.193750
  20.492500	 38.193722
  20.491250	 38.195000
  20.491222	 38.197444
  20.489556	 38.199167
  20.489556	 38.199972
  20.487944	 38.201667
  20.487944	 38.202472
  20.487500	 38.202861
  20.484944	 38.202917
  20.484167	 38.202056
  20.483361	 38.202917
  20.482500	 38.202917
  20.481250	 38.204167
  20.481250	 38.204972
  20.479556	 38.206667
  20.479611	 38.210778
  20.478722	 38.211639
  20.478722	 38.214167
  20.477917	 38.215028
  20.478694	 38.215833
  20.477889	 38.216611
  20.477889	 38.217472
  20.477028	 38.218333
  20.477083	 38.220000
  20.476639	 38.220389
  20.475833	 38.219528
  20.474167	 38.219583
  20.473750	 38.219972
  20.473694	 38.224944
  20.472889	 38.225806
  20.472889	 38.226667
  20.472083	 38.227472
  20.472083	 38.228333
  20.471194	 38.229111
  20.471194	 38.230833
  20.469139	 38.232889
  20.468361	 38.232889
  20.466667	 38.234583
  20.465806	 38.234583
  20.465361	 38.235000
  20.465361	 38.235778
  20.464556	 38.236639
  20.464556	 38.237500
  20.463750	 38.238306
  20.463722	 38.239167
  20.462917	 38.240028
  20.462917	 38.240806
  20.462056	 38.241611
  20.462028	 38.242472
  20.461222	 38.243333
  20.461278	 38.247444
  20.460389	 38.248306
  20.460389	 38.249167
  20.459583	 38.249944
  20.459583	 38.250806
  20.458694	 38.251667
  20.458694	 38.254139
  20.457889	 38.254972
  20.457944	 38.256639
  20.457056	 38.257500
  20.457056	 38.258306
  20.453333	 38.262056
  20.452444	 38.262056
  20.451222	 38.263306
  20.451250	 38.268278
  20.452028	 38.269167
  20.452083	 38.273333
  20.451278	 38.274139
  20.451250	 38.276639
  20.450833	 38.277056
  20.445806	 38.277083
  20.445361	 38.277472
  20.445361	 38.278278
  20.444111	 38.279583
  20.435833	 38.279556
  20.434972	 38.278750
  20.432500	 38.278722
  20.431639	 38.277861
  20.430861	 38.277861
  20.428333	 38.275389
  20.427444	 38.275389
  20.424583	 38.272500
  20.424583	 38.271639
  20.423722	 38.270778
  20.423750	 38.266667
  20.422889	 38.265806
  20.422889	 38.264139
  20.425028	 38.262028
  20.425806	 38.262056
  20.426611	 38.261250
  20.427500	 38.261194
  20.431222	 38.257500
  20.431222	 38.256639
  20.432917	 38.254972
  20.432917	 38.254111
  20.433722	 38.253333
  20.431194	 38.250806
  20.431222	 38.247472
  20.430361	 38.246611
  20.430389	 38.243306
  20.431278	 38.242500
  20.431278	 38.241639
  20.432083	 38.240778
  20.432028	 38.240000
  20.432889	 38.239194
  20.432889	 38.238333
  20.434583	 38.236667
  20.434583	 38.235833
  20.437083	 38.233306
  20.437083	 38.232500
  20.437889	 38.231667
  20.437889	 38.230806
  20.438778	 38.230000
  20.438778	 38.229139
  20.439583	 38.228278
  20.439528	 38.224167
  20.440417	 38.223306
  20.440389	 38.218333
  20.439583	 38.217472
  20.439556	 38.214167
  20.440417	 38.213306
  20.440389	 38.209167
  20.439583	 38.208306
  20.439611	 38.206667
  20.440417	 38.205806
  20.440389	 38.199972
  20.442056	 38.198306
  20.442083	 38.196639
  20.441194	 38.195778
  20.441222	 38.195000
  20.440417	 38.194139
  20.440389	 38.188278
  20.441278	 38.187500
  20.441278	 38.186639
  20.440417	 38.185833
  20.440444	 38.183306
  20.441250	 38.182444
  20.441250	 38.181667
  20.440389	 38.180861
  20.440389	 38.171639
  20.441250	 38.170778
  20.441194	 38.167472
  20.442083	 38.166667
  20.442083	 38.165806
  20.441222	 38.165000
  20.441250	 38.163333
  20.440361	 38.162472
  20.440389	 38.161611
  20.439944	 38.161278
  20.427472	 38.161222
  20.426694	 38.160417
  20.414139	 38.160417
  20.413278	 38.159611
  20.409944	 38.159583
  20.408722	 38.158306
  20.408750	 38.156667
  20.408306	 38.156194
  20.407444	 38.156194
  20.405861	 38.154583
  20.405000	 38.154583
  20.404111	 38.155444
  20.393306	 38.155389
  20.392444	 38.154583
  20.390000	 38.154556
  20.387917	 38.152500
  20.389583	 38.150778
  20.389611	 38.149167
  20.389167	 38.148722
  20.387500	 38.148722
  20.386639	 38.147917
  20.384972	 38.147889
  20.384167	 38.148750
  20.382500	 38.148750
  20.381194	 38.150000
  20.381167	 38.150861
  20.380000	 38.152056
  20.378333	 38.152083
  20.377917	 38.152500
  20.377861	 38.157472
  20.376250	 38.159111
  20.376250	 38.160833
  20.375361	 38.161639
  20.376222	 38.162500
  20.376222	 38.164167
  20.375833	 38.164556
  20.374972	 38.163750
  20.373306	 38.163750
  20.372889	 38.164139
  20.372944	 38.165000
  20.372500	 38.165389
  20.371639	 38.165389
  20.370389	 38.166639
  20.370389	 38.167500
  20.369944	 38.167917
  20.368361	 38.167889
  20.367917	 38.168306
  20.367917	 38.169139
  20.367472	 38.169556
  20.366667	 38.168750
  20.365806	 38.168750
  20.365000	 38.169528
  20.363361	 38.167917
  20.362472	 38.167917
  20.361611	 38.167056
  20.359944	 38.167056
  20.359583	 38.167444
  20.359583	 38.168306
  20.358778	 38.169167
  20.358750	 38.171667
  20.359611	 38.172472
  20.359167	 38.172889
  20.356639	 38.172917
  20.355833	 38.173722
  20.352500	 38.173750
  20.350806	 38.175417
  20.348361	 38.175389
  20.347472	 38.174583
  20.346611	 38.174583
  20.344972	 38.172861
  20.344583	 38.173306
  20.344583	 38.174167
  20.344139	 38.174583
  20.343278	 38.174556
  20.342472	 38.175417
  20.340806	 38.175417
  20.340444	 38.175806
  20.340417	 38.177472
  20.339556	 38.178333
  20.339556	 38.179111
  20.338750	 38.179972
  20.338722	 38.180833
  20.339583	 38.181639
  20.339556	 38.184167
  20.339139	 38.184556
  20.338333	 38.184556
  20.337889	 38.185000
  20.337889	 38.186667
  20.337083	 38.187528
  20.337056	 38.189139
  20.336250	 38.189972
nan nan
  20.540361	 38.560806
  20.540361	 38.561611
  20.541222	 38.562472
  20.541222	 38.564139
  20.541639	 38.564556
  20.542444	 38.564556
  20.543306	 38.565417
  20.544194	 38.565417
  20.545000	 38.566222
  20.545778	 38.566222
  20.546222	 38.566611
  20.546194	 38.569139
  20.545389	 38.570000
  20.545389	 38.570861
  20.546194	 38.571667
  20.546250	 38.574111
  20.549139	 38.577056
  20.550028	 38.577056
  20.550389	 38.577444
  20.548333	 38.579556
  20.546639	 38.579556
  20.546222	 38.580000
  20.546194	 38.580806
  20.545833	 38.581222
  20.544167	 38.581194
  20.542917	 38.582528
  20.542917	 38.584111
  20.542083	 38.584972
  20.542083	 38.587500
  20.542528	 38.587889
  20.543306	 38.587889
  20.545417	 38.589972
  20.545417	 38.591639
  20.546639	 38.592889
  20.547528	 38.592889
  20.548750	 38.594167
  20.548722	 38.598333
  20.549528	 38.599139
  20.548722	 38.600000
  20.548778	 38.600806
  20.548333	 38.601250
  20.547472	 38.601250
  20.547083	 38.601639
  20.547083	 38.603306
  20.547444	 38.603722
  20.548333	 38.603722
  20.550778	 38.606250
  20.551667	 38.606250
  20.552111	 38.606639
  20.552083	 38.607500
  20.552889	 38.608306
  20.552861	 38.611639
  20.553750	 38.612500
  20.553694	 38.617472
  20.554583	 38.618333
  20.554583	 38.619139
  20.555444	 38.620000
  20.555444	 38.620861
  20.556222	 38.621667
  20.556278	 38.627500
  20.557083	 38.628306
  20.557111	 38.633333
  20.557917	 38.634139
  20.557889	 38.638306
  20.558694	 38.639111
  20.558750	 38.639972
  20.557944	 38.640833
  20.557917	 38.644139
  20.557028	 38.644944
  20.557028	 38.645806
  20.556222	 38.646667
  20.556222	 38.647472
  20.557083	 38.648333
  20.557083	 38.649972
  20.557889	 38.650778
  20.557917	 38.655833
  20.558722	 38.656639
  20.557917	 38.657472
  20.557889	 38.660806
  20.557083	 38.661667
  20.557056	 38.667500
nan nan
  20.713778	 38.666667
  20.713694	 38.665806
  20.716194	 38.663306
  20.716194	 38.662500
  20.717056	 38.661639
  20.717083	 38.660833
  20.717889	 38.659972
  20.717889	 38.659167
  20.718750	 38.658333
  20.718750	 38.657472
  20.719556	 38.656611
  20.719583	 38.655806
  20.720389	 38.655000
  20.720389	 38.654139
  20.721250	 38.653306
  20.721278	 38.652500
  20.722083	 38.651639
  20.722083	 38.650778
  20.722889	 38.649972
  20.722889	 38.649167
  20.723333	 38.648722
  20.724111	 38.648722
  20.724556	 38.648333
  20.724528	 38.638306
  20.724972	 38.637917
  20.725833	 38.637917
  20.726222	 38.637500
  20.726222	 38.632472
  20.725417	 38.631667
  20.725444	 38.630806
  20.723750	 38.629139
  20.723694	 38.627500
  20.722889	 38.626694
  20.722889	 38.625833
  20.722472	 38.625361
  20.720861	 38.625361
  20.719972	 38.624556
  20.719111	 38.624556
  20.716639	 38.622028
  20.713278	 38.622083
  20.712917	 38.622500
  20.712917	 38.623278
  20.712111	 38.624139
  20.712111	 38.625000
  20.710778	 38.626194
  20.709111	 38.624583
  20.707500	 38.624583
  20.707083	 38.625000
  20.707056	 38.626639
  20.706639	 38.627056
  20.705833	 38.627056
  20.704583	 38.628306
  20.704583	 38.629167
  20.703778	 38.629972
  20.703778	 38.630806
  20.702889	 38.631667
  20.702889	 38.634139
  20.702083	 38.635000
  20.702056	 38.636639
  20.701194	 38.637500
  20.701194	 38.638306
  20.700806	 38.638722
  20.698333	 38.638694
  20.697444	 38.639556
  20.695861	 38.639556
  20.695417	 38.639139
  20.695417	 38.636639
  20.696222	 38.635778
  20.696250	 38.633306
  20.694583	 38.631667
  20.695389	 38.630806
  20.695417	 38.624167
  20.695778	 38.623750
  20.696639	 38.623694
  20.697444	 38.622917
  20.698333	 38.622917
  20.701250	 38.620000
  20.701194	 38.618278
  20.700833	 38.617889
  20.695806	 38.617917
  20.694556	 38.616667
  20.694556	 38.615806
  20.694139	 38.615389
  20.692444	 38.615389
  20.692083	 38.615806
  20.692056	 38.619972
  20.690833	 38.621222
  20.689139	 38.621222
  20.688333	 38.622028
  20.686667	 38.622083
  20.685861	 38.622889
  20.684972	 38.622861
  20.684528	 38.623333
  20.684528	 38.624194
  20.684167	 38.624583
  20.683306	 38.624583
  20.682861	 38.624194
  20.682861	 38.623333
  20.684167	 38.622083
  20.684972	 38.622083
  20.685861	 38.621222
  20.687472	 38.621222
  20.688722	 38.619972
  20.688722	 38.619167
  20.689583	 38.618306
  20.688722	 38.617500
  20.688722	 38.616639
  20.687056	 38.614972
  20.687083	 38.607472
  20.685417	 38.605833
  20.685361	 38.604972
  20.684194	 38.603750
  20.682500	 38.603750
  20.682083	 38.604139
  20.682056	 38.605000
  20.681639	 38.605417
  20.680833	 38.605417
  20.680028	 38.606194
  20.679139	 38.606194
  20.675000	 38.602083
  20.671639	 38.602056
  20.670833	 38.602917
  20.669167	 38.602917
  20.668306	 38.602056
  20.663278	 38.602028
  20.662472	 38.602889
  20.661667	 38.602889
  20.657917	 38.606667
  20.657917	 38.607472
  20.657028	 38.608306
  20.657028	 38.609167
  20.656667	 38.609583
  20.655778	 38.609583
  20.655000	 38.608722
  20.654194	 38.608694
  20.652083	 38.606639
  20.652083	 38.605778
  20.650333	 38.604167
  20.650361	 38.603306
  20.649194	 38.602056
  20.648306	 38.602056
  20.647444	 38.601250
  20.646639	 38.601250
  20.645417	 38.599972
  20.645417	 38.599194
  20.644167	 38.597861
  20.643306	 38.597861
  20.642861	 38.597444
  20.642861	 38.596667
  20.641194	 38.595000
  20.641222	 38.590806
  20.641667	 38.590417
  20.642472	 38.590417
  20.642917	 38.589972
  20.642917	 38.589167
  20.643722	 38.588306
  20.643722	 38.587500
  20.644972	 38.586250
  20.645833	 38.586194
  20.647889	 38.584139
  20.647889	 38.583278
  20.648694	 38.582472
  20.648722	 38.580833
  20.648278	 38.580361
  20.647472	 38.580417
  20.646667	 38.579556
  20.645000	 38.579556
  20.644139	 38.578750
  20.643333	 38.578750
  20.642528	 38.577889
  20.639111	 38.577861
  20.637917	 38.579139
  20.637917	 38.580000
  20.637056	 38.580778
  20.637028	 38.581639
  20.636222	 38.582500
  20.636222	 38.584167
  20.635778	 38.584556
  20.634194	 38.584556
  20.632500	 38.586278
  20.631611	 38.586278
  20.630389	 38.587472
  20.631250	 38.588333
  20.631222	 38.594167
  20.630417	 38.595028
  20.630417	 38.596611
  20.630833	 38.597083
  20.632444	 38.597083
  20.632889	 38.597472
  20.632861	 38.600806
  20.632500	 38.601250
  20.626667	 38.601250
  20.625778	 38.600389
  20.620833	 38.600361
  20.620389	 38.599972
  20.620389	 38.599167
  20.621194	 38.598306
  20.620833	 38.597917
  20.619167	 38.597889
  20.618306	 38.597028
  20.617500	 38.597083
  20.616611	 38.597889
  20.614139	 38.597889
  20.613778	 38.598278
  20.613750	 38.600000
  20.612889	 38.600806
  20.612917	 38.604972
  20.612500	 38.605444
  20.611611	 38.605417
  20.611250	 38.605833
  20.611250	 38.607500
  20.610444	 38.608333
  20.610417	 38.609139
  20.609167	 38.610389
  20.608306	 38.610389
  20.607056	 38.611639
  20.607056	 38.613306
  20.606250	 38.614167
  20.606222	 38.616639
  20.605417	 38.617472
  20.606222	 38.618333
  20.606222	 38.620000
  20.607083	 38.620806
  20.607056	 38.624972
  20.606250	 38.625833
  20.607056	 38.626639
  20.607056	 38.627444
  20.604194	 38.630417
  20.600833	 38.630389
  20.600028	 38.631194
  20.596583	 38.631250
  20.595861	 38.632056
  20.595000	 38.631250
  20.594111	 38.631222
  20.593750	 38.630833
  20.593750	 38.629972
  20.590417	 38.626639
  20.590417	 38.625833
  20.589556	 38.624972
  20.589556	 38.624111
  20.588750	 38.623306
  20.588694	 38.621667
  20.587889	 38.620806
  20.587889	 38.620000
  20.586222	 38.618278
  20.586250	 38.617472
  20.584583	 38.615806
  20.584583	 38.615000
  20.582917	 38.613278
  20.582917	 38.612472
  20.582056	 38.611667
  20.582056	 38.610833
  20.581167	 38.609972
  20.581194	 38.609167
  20.580389	 38.608306
  20.580389	 38.605833
  20.578722	 38.604167
  20.578750	 38.601639
  20.577889	 38.600833
  20.577889	 38.600000
  20.573750	 38.595861
  20.574556	 38.595000
  20.574556	 38.594139
  20.574139	 38.593750
  20.573333	 38.593722
  20.572444	 38.592917
  20.569972	 38.592917
  20.569611	 38.592472
  20.570333	 38.591667
  20.570361	 38.590000
  20.571222	 38.589139
  20.571250	 38.587500
  20.569944	 38.586222
  20.569139	 38.586222
  20.568333	 38.585417
  20.566667	 38.585417
  20.565806	 38.584556
  20.565000	 38.584556
  20.564194	 38.583750
  20.562444	 38.583750
  20.561222	 38.582472
  20.561222	 38.580806
  20.560778	 38.580417
  20.560000	 38.580417
  20.559194	 38.579556
  20.558306	 38.579556
  20.557889	 38.579139
  20.559556	 38.577500
  20.559583	 38.576639
  20.558333	 38.575417
  20.557472	 38.575417
  20.556250	 38.574167
  20.556250	 38.573306
  20.555361	 38.572500
  20.555389	 38.571639
  20.554139	 38.570361
  20.552472	 38.570417
  20.551250	 38.569167
  20.551250	 38.568306
  20.550361	 38.567500
  20.550389	 38.565778
  20.549944	 38.565389
  20.549139	 38.565361
  20.547472	 38.563722
  20.545806	 38.563694
  20.544139	 38.562083
  20.543333	 38.562083
  20.541667	 38.560417
  20.540806	 38.560417
  20.540361	 38.560806
nan nan
  20.613750	 38.465806
  20.613778	 38.474167
  20.614583	 38.474972
  20.614556	 38.475806
  20.614917	 38.476222
  20.615806	 38.476222
  20.616250	 38.476694
  20.616222	 38.477472
  20.617028	 38.478278
  20.617028	 38.479139
  20.617472	 38.479611
  20.622472	 38.479556
  20.623361	 38.480361
  20.624944	 38.480361
  20.625833	 38.479583
  20.626639	 38.479583
  20.630806	 38.475417
  20.632472	 38.475417
  20.634167	 38.473722
  20.634972	 38.473722
  20.636639	 38.472056
  20.637444	 38.472056
  20.638750	 38.470806
  20.638694	 38.469944
  20.640000	 38.468750
  20.644972	 38.468750
  20.647917	 38.471639
  20.647917	 38.472500
  20.649583	 38.474167
  20.649583	 38.474944
  20.650389	 38.475806
  20.650389	 38.476667
  20.651250	 38.477472
  20.651250	 38.478333
  20.650444	 38.479139
  20.650444	 38.480000
  20.651222	 38.480806
  20.651222	 38.483306
  20.652028	 38.484167
  20.652083	 38.488306
  20.651278	 38.489167
  20.651250	 38.490806
  20.647083	 38.494972
  20.647083	 38.497500
  20.645389	 38.499139
  20.645833	 38.499556
  20.647500	 38.499556
  20.648306	 38.498750
  20.649111	 38.498750
  20.649556	 38.499167
  20.648750	 38.499972
  20.648722	 38.501667
  20.647917	 38.502472
  20.647917	 38.503278
  20.648361	 38.503750
  20.649167	 38.503750
  20.651639	 38.501222
  20.652528	 38.502083
  20.654111	 38.502028
  20.655000	 38.502889
  20.658278	 38.502917
  20.658694	 38.502444
  20.658694	 38.501639
  20.659583	 38.500861
  20.659583	 38.500000
  20.660833	 38.498750
  20.664111	 38.498694
  20.665000	 38.497889
  20.665778	 38.497889
  20.667028	 38.496639
  20.667028	 38.495778
  20.669167	 38.493722
  20.672500	 38.493750
  20.673306	 38.492889
  20.674194	 38.492889
  20.674972	 38.493750
  20.676222	 38.492500
  20.676222	 38.490833
  20.677917	 38.489111
  20.677917	 38.488306
  20.678722	 38.487528
  20.677500	 38.486194
  20.676611	 38.487056
  20.674500	 38.484972
  20.674528	 38.484139
  20.673361	 38.482917
  20.672472	 38.483722
  20.671250	 38.482528
  20.671250	 38.480000
  20.671639	 38.479611
  20.672500	 38.479611
  20.672944	 38.479139
  20.672944	 38.477472
  20.672500	 38.477083
  20.671639	 38.477083
  20.671194	 38.476667
  20.671194	 38.475806
  20.671639	 38.475361
  20.672528	 38.476222
  20.673306	 38.476222
  20.673667	 38.475833
  20.673694	 38.474167
  20.673333	 38.473778
  20.671639	 38.473750
  20.671222	 38.473306
  20.672889	 38.471639
  20.672917	 38.469972
  20.673722	 38.469139
  20.673722	 38.467472
  20.671694	 38.465417
  20.669944	 38.465389
  20.669583	 38.465806
  20.669583	 38.466667
  20.669139	 38.467056
  20.668278	 38.466250
  20.667472	 38.466250
  20.667111	 38.465861
  20.667111	 38.465000
  20.666222	 38.464139
  20.666250	 38.463333
  20.664583	 38.461611
  20.664583	 38.460806
  20.665028	 38.460417
  20.668278	 38.460417
  20.669167	 38.459556
  20.669972	 38.459556
  20.670833	 38.460417
  20.672444	 38.460361
  20.672889	 38.459972
  20.672889	 38.459167
  20.674139	 38.457861
  20.674556	 38.458306
  20.674556	 38.459167
  20.675000	 38.459583
  20.677472	 38.459583
  20.678694	 38.458333
  20.678722	 38.456667
  20.679972	 38.455417
  20.680833	 38.455417
  20.681639	 38.454556
  20.682083	 38.454972
  20.682056	 38.455833
  20.682500	 38.456222
  20.684167	 38.456222
  20.684972	 38.455417
  20.688333	 38.455444
  20.688750	 38.455833
  20.688333	 38.456250
  20.687444	 38.456222
  20.687083	 38.456639
  20.687083	 38.458361
  20.687861	 38.459167
  20.687861	 38.460806
  20.687056	 38.461667
  20.687500	 38.462083
  20.691639	 38.462083
  20.693778	 38.459972
  20.693778	 38.458306
  20.695833	 38.456194
  20.696611	 38.456194
  20.697056	 38.455806
  20.697056	 38.455000
  20.697944	 38.454139
  20.697944	 38.453278
  20.698750	 38.452500
  20.698306	 38.452083
  20.697500	 38.452083
  20.696194	 38.450833
  20.696222	 38.449972
  20.695778	 38.449556
  20.694111	 38.449556
  20.693306	 38.450361
  20.692500	 38.449556
  20.691639	 38.449556
  20.691278	 38.449139
  20.691194	 38.448306
  20.692500	 38.447083
  20.694111	 38.447028
  20.694556	 38.446639
  20.694556	 38.445833
  20.695000	 38.445389
  20.696667	 38.445389
  20.697111	 38.445833
  20.697111	 38.446639
  20.697472	 38.447056
  20.700000	 38.447056
  20.700806	 38.447917
  20.702472	 38.447917
  20.703722	 38.446667
  20.703750	 38.442472
  20.704528	 38.441639
  20.704556	 38.440833
  20.710389	 38.434944
  20.710389	 38.434139
  20.709944	 38.433750
  20.708278	 38.433750
  20.707472	 38.434528
  20.706611	 38.434528
  20.705361	 38.433333
  20.705389	 38.432472
  20.704583	 38.431667
  20.706194	 38.429972
  20.706194	 38.429167
  20.704972	 38.427889
  20.701611	 38.427889
  20.701167	 38.427500
  20.702056	 38.426639
  20.700833	 38.425417
  20.699139	 38.425417
  20.697917	 38.424167
  20.697917	 38.422500
  20.698306	 38.422056
  20.699167	 38.422056
  20.699611	 38.421639
  20.699611	 38.420000
  20.699972	 38.419583
  20.700778	 38.419583
  20.701222	 38.419139
  20.701222	 38.417472
  20.700000	 38.416222
  20.698306	 38.416194
  20.697083	 38.415000
  20.697083	 38.413278
  20.696222	 38.412472
  20.696222	 38.410833
  20.693778	 38.408306
  20.693778	 38.405833
  20.693333	 38.405389
  20.692472	 38.405361
  20.691667	 38.404583
  20.689917	 38.404556
  20.688778	 38.403306
  20.689583	 38.402444
  20.688778	 38.401639
  20.688722	 38.400000
  20.687472	 38.398722
  20.686667	 38.398722
  20.686250	 38.398306
  20.686250	 38.395806
  20.685389	 38.395000
  20.685389	 38.394139
  20.684528	 38.393333
  20.684528	 38.390806
  20.680833	 38.387083
  20.679972	 38.387083
  20.679528	 38.386639
  20.679528	 38.385833
  20.679111	 38.385417
  20.678306	 38.385417
  20.677083	 38.384167
  20.677083	 38.382500
  20.676222	 38.381639
  20.676222	 38.380778
  20.675417	 38.379972
  20.675417	 38.379167
  20.674556	 38.378306
  20.674556	 38.375806
  20.676250	 38.374139
  20.676250	 38.371611
  20.675389	 38.370806
  20.675417	 38.367500
  20.674528	 38.366639
  20.674528	 38.365833
  20.674972	 38.365389
  20.678333	 38.365389
  20.679111	 38.364583
  20.681667	 38.364611
  20.682472	 38.365389
  20.683333	 38.365417
  20.687472	 38.369583
  20.689139	 38.369611
  20.689556	 38.370000
  20.689556	 38.370806
  20.690806	 38.372056
  20.693333	 38.372083
  20.694139	 38.372861
  20.695806	 38.372889
  20.696611	 38.373750
  20.697472	 38.372889
  20.698278	 38.372889
  20.699167	 38.372083
  20.700028	 38.372083
  20.700833	 38.371222
  20.701639	 38.371222
  20.702056	 38.371639
  20.702056	 38.372500
  20.701194	 38.373278
  20.701167	 38.374139
  20.701611	 38.374556
  20.702500	 38.374556
  20.703278	 38.373750
  20.707500	 38.373778
  20.707861	 38.373306
  20.707861	 38.372444
  20.708750	 38.371639
  20.708750	 38.370861
  20.709556	 38.370000
  20.709556	 38.368333
  20.709917	 38.367944
  20.711667	 38.367889
  20.712472	 38.367083
  20.714944	 38.367083
  20.716639	 38.365389
  20.717500	 38.366222
  20.719972	 38.366250
  20.720389	 38.366639
  20.719972	 38.367111
  20.719167	 38.367111
  20.717917	 38.368306
  20.717917	 38.370028
  20.715361	 38.372472
  20.715361	 38.373333
  20.715000	 38.373722
  20.713333	 38.373722
  20.712444	 38.372917
  20.709972	 38.372917
  20.709556	 38.373306
  20.709528	 38.374167
  20.709167	 38.374556
  20.708306	 38.374556
  20.707500	 38.375361
  20.706639	 38.375361
  20.705028	 38.377083
  20.704139	 38.377083
  20.701222	 38.379972
  20.701222	 38.380778
  20.700417	 38.381639
  20.701222	 38.382500
  20.701222	 38.384167
  20.702083	 38.384972
  20.702083	 38.386639
  20.702444	 38.387028
  20.704111	 38.387028
  20.704972	 38.387889
  20.707444	 38.387889
  20.708750	 38.386639
  20.708694	 38.385778
  20.709139	 38.385389
  20.710000	 38.385389
  20.710806	 38.384583
  20.711611	 38.384583
  20.712472	 38.383722
  20.713278	 38.383722
  20.714972	 38.382083
  20.715833	 38.382083
  20.716639	 38.381222
  20.717500	 38.381222
  20.717861	 38.381694
  20.717861	 38.383278
  20.719167	 38.384556
  20.719972	 38.384556
  20.720778	 38.385361
  20.721639	 38.385361
  20.722083	 38.385806
  20.722056	 38.386667
  20.721639	 38.387083
  20.719167	 38.387083
  20.718722	 38.387472
  20.718722	 38.388333
  20.718278	 38.388722
  20.717472	 38.388722
  20.716611	 38.389583
  20.714139	 38.389583
  20.713694	 38.389972
  20.713750	 38.391639
  20.714111	 38.392028
  20.717472	 38.392056
  20.718333	 38.391250
  20.719139	 38.392056
  20.720028	 38.391250
  20.720806	 38.391250
  20.721611	 38.390389
  20.724972	 38.390417
  20.725778	 38.389611
  20.726639	 38.389611
  20.729194	 38.387083
  20.730806	 38.387083
  20.731667	 38.386250
  20.734139	 38.386250
  20.735806	 38.387917
  20.737056	 38.386667
  20.737056	 38.385000
  20.737917	 38.384139
  20.737944	 38.382472
  20.738306	 38.382083
  20.739111	 38.382083
  20.739972	 38.381222
  20.742528	 38.381222
  20.743333	 38.380361
  20.744111	 38.380361
  20.745806	 38.378722
  20.746667	 38.378722
  20.747111	 38.378333
  20.747028	 38.377472
  20.746667	 38.377056
  20.745806	 38.377056
  20.745361	 38.376667
  20.745361	 38.375806
  20.745000	 38.375389
  20.743278	 38.375389
  20.742917	 38.375000
  20.742917	 38.372472
  20.743278	 38.372083
  20.744139	 38.372889
  20.744944	 38.372889
  20.745806	 38.373750
  20.747500	 38.373750
  20.747861	 38.373333
  20.747861	 38.372500
  20.748306	 38.372028
  20.749167	 38.372028
  20.750417	 38.370833
  20.750417	 38.369972
  20.752028	 38.368306
  20.752028	 38.367528
  20.752444	 38.367056
  20.753333	 38.367056
  20.755000	 38.365417
  20.755806	 38.365417
  20.756250	 38.365000
  20.755000	 38.363750
  20.754139	 38.364611
  20.752472	 38.364611
  20.751667	 38.365389
  20.749111	 38.365389
  20.748750	 38.365778
  20.748750	 38.366639
  20.748306	 38.367056
  20.743306	 38.367028
  20.742861	 38.366639
  20.742861	 38.365833
  20.742417	 38.365444
  20.741639	 38.365444
  20.740833	 38.364583
  20.738278	 38.364556
  20.737861	 38.364167
  20.739167	 38.362917
  20.741639	 38.362917
  20.742083	 38.362528
  20.742083	 38.361667
  20.742444	 38.361194
  20.744111	 38.361194
  20.745417	 38.360000
  20.745444	 38.359139
  20.746222	 38.358278
  20.746250	 38.355833
  20.746611	 38.355361
  20.747472	 38.355361
  20.748278	 38.354583
  20.749167	 38.354583
  20.749583	 38.354167
  20.749611	 38.352472
  20.748306	 38.351250
  20.747500	 38.351250
  20.747056	 38.350861
  20.747056	 38.350000
  20.745750	 38.348722
  20.744167	 38.348722
  20.743278	 38.349528
  20.742500	 38.349528
  20.742056	 38.349111
  20.743306	 38.347917
  20.744167	 38.347917
  20.744611	 38.347472
  20.744611	 38.345806
  20.744167	 38.345417
  20.742500	 38.345417
  20.741639	 38.346194
  20.740833	 38.346194
  20.739583	 38.345000
  20.739972	 38.344528
  20.741639	 38.344556
  20.742056	 38.344139
  20.742083	 38.341639
  20.741639	 38.341222
  20.739972	 38.341222
  20.739611	 38.340833
  20.739528	 38.340028
  20.739972	 38.339556
  20.740778	 38.339556
  20.741667	 38.338694
  20.744194	 38.338722
  20.744556	 38.338306
  20.744583	 38.335806
  20.746250	 38.334139
  20.746250	 38.331611
  20.745833	 38.331222
  20.744944	 38.331222
  20.744528	 38.330806
  20.744528	 38.328361
  20.744972	 38.327889
  20.745833	 38.327889
  20.746639	 38.327028
  20.749111	 38.327056
  20.750778	 38.325389
  20.753333	 38.325389
  20.755000	 38.323750
  20.758278	 38.323750
  20.759139	 38.322889
  20.760806	 38.322889
  20.761694	 38.322028
  20.763278	 38.322028
  20.764167	 38.321250
  20.764972	 38.321250
  20.766278	 38.320000
  20.766278	 38.318333
  20.765833	 38.317917
  20.760833	 38.317917
  20.759167	 38.316250
  20.758278	 38.317056
  20.755833	 38.317056
  20.755389	 38.316639
  20.755389	 38.312472
  20.754972	 38.312056
  20.753306	 38.312056
  20.752500	 38.312917
  20.749944	 38.312917
  20.749583	 38.312444
  20.749583	 38.311667
  20.749167	 38.311250
  20.748278	 38.311250
  20.747500	 38.310389
  20.746694	 38.310389
  20.745806	 38.311250
  20.744944	 38.311250
  20.744583	 38.310833
  20.744583	 38.309139
  20.743278	 38.307917
  20.739944	 38.307917
  20.739139	 38.307056
  20.736694	 38.307056
  20.735806	 38.306250
  20.732472	 38.306250
  20.731667	 38.305389
  20.730806	 38.305361
  20.729139	 38.303778
  20.727472	 38.303778
  20.726667	 38.302917
  20.726250	 38.303306
  20.726222	 38.304972
  20.725806	 38.305361
  20.725000	 38.305361
  20.724556	 38.305833
  20.724556	 38.306667
  20.724111	 38.307083
  20.722889	 38.305806
  20.723694	 38.304972
  20.723694	 38.300833
  20.722472	 38.299583
  20.721667	 38.300389
  20.718333	 38.300361
  20.716667	 38.302083
  20.712528	 38.302083
  20.710389	 38.304139
  20.710389	 38.304972
  20.709972	 38.305389
  20.708361	 38.305444
  20.707917	 38.305833
  20.707917	 38.306639
  20.707472	 38.307028
  20.704139	 38.307028
  20.702472	 38.308750
  20.701667	 38.308750
  20.700806	 38.309583
  20.700000	 38.309583
  20.699556	 38.310000
  20.699556	 38.310806
  20.699194	 38.311250
  20.697444	 38.311250
  20.697083	 38.311639
  20.697083	 38.312500
  20.693722	 38.315806
  20.693722	 38.316611
  20.691250	 38.319139
  20.691222	 38.319972
  20.690417	 38.320833
  20.690417	 38.323306
  20.689556	 38.324167
  20.689528	 38.324972
  20.687861	 38.326667
  20.687861	 38.327472
  20.686250	 38.329139
  20.686250	 38.332500
  20.685361	 38.333306
  20.685417	 38.336611
  20.686222	 38.337500
  20.686194	 38.343333
  20.685389	 38.344167
  20.685389	 38.346639
  20.684583	 38.347500
  20.684583	 38.348306
  20.683333	 38.349556
  20.678306	 38.349528
  20.677500	 38.350389
  20.676639	 38.350389
  20.674972	 38.352056
  20.674167	 38.352056
  20.671611	 38.354556
  20.670806	 38.354556
  20.669556	 38.355806
  20.669556	 38.356667
  20.667083	 38.359111
  20.667083	 38.359972
  20.666278	 38.360833
  20.666278	 38.361639
  20.665389	 38.362500
  20.665361	 38.368333
  20.666250	 38.369139
  20.666222	 38.374972
  20.665417	 38.375833
  20.665389	 38.376639
  20.663722	 38.378333
  20.663778	 38.381667
  20.662917	 38.382444
  20.662889	 38.384167
  20.662083	 38.384972
  20.662083	 38.386639
  20.661194	 38.387500
  20.661194	 38.388278
  20.660778	 38.388750
  20.659972	 38.388750
  20.657472	 38.391194
  20.656611	 38.391194
  20.655000	 38.392917
  20.654139	 38.392917
  20.652444	 38.394556
  20.651639	 38.394556
  20.651222	 38.394972
  20.651278	 38.396667
  20.650389	 38.397472
  20.650389	 38.399139
  20.649583	 38.400000
  20.649583	 38.400778
  20.648694	 38.401639
  20.648694	 38.404167
  20.647889	 38.405028
  20.647889	 38.405806
  20.646194	 38.407472
  20.646278	 38.410000
  20.644500	 38.411639
  20.644583	 38.413306
  20.645361	 38.414167
  20.642889	 38.416667
  20.642889	 38.417472
  20.642083	 38.418333
  20.642083	 38.419139
  20.641194	 38.420000
  20.641194	 38.421667
  20.640389	 38.422500
  20.640444	 38.427500
  20.641222	 38.428361
  20.640417	 38.429139
  20.640417	 38.429944
  20.639556	 38.430806
  20.639528	 38.432472
  20.638722	 38.433306
  20.638722	 38.434972
  20.639583	 38.435778
  20.639583	 38.438306
  20.640389	 38.439167
  20.640361	 38.440028
  20.639139	 38.441222
  20.636667	 38.438750
  20.631639	 38.438722
  20.627028	 38.443306
  20.627028	 38.445028
  20.626222	 38.445806
  20.626222	 38.446667
  20.627083	 38.447472
  20.627083	 38.448278
  20.625778	 38.449583
  20.624972	 38.449583
  20.624611	 38.449972
  20.624611	 38.450778
  20.620417	 38.454944
  20.620417	 38.455806
  20.619556	 38.456667
  20.619528	 38.457472
  20.616250	 38.460833
  20.616250	 38.462500
  20.614556	 38.464139
  20.614556	 38.465000
  20.613750	 38.465806
nan nan
  20.867917	 38.593306
  20.868722	 38.594139
  20.868722	 38.595000
  20.867917	 38.595806
  20.867917	 38.597472
  20.868694	 38.598333
  20.868694	 38.600000
  20.869139	 38.600389
  20.872500	 38.600389
  20.872861	 38.600861
  20.872861	 38.601667
  20.873722	 38.602444
  20.873722	 38.603306
  20.873278	 38.603722
  20.871694	 38.603778
  20.871250	 38.604167
  20.871250	 38.604972
  20.872472	 38.606222
  20.879111	 38.606250
  20.879556	 38.606639
  20.879111	 38.607028
  20.878306	 38.607083
  20.877083	 38.608306
  20.877861	 38.609167
  20.877444	 38.609556
  20.876639	 38.609556
  20.876278	 38.610000
  20.876250	 38.612472
  20.877056	 38.613333
  20.877056	 38.614139
  20.878306	 38.615389
  20.879167	 38.615389
  20.883333	 38.619583
  20.884139	 38.619583
  20.884556	 38.619972
  20.884556	 38.623361
  20.885444	 38.624167
  20.885444	 38.624944
  20.886222	 38.625806
  20.886222	 38.628333
  20.887917	 38.630000
  20.887917	 38.631667
  20.888694	 38.632444
  20.888694	 38.634167
  20.898306	 38.643750
  20.899194	 38.643750
  20.900000	 38.644556
  20.900806	 38.644556
  20.903361	 38.647056
  20.904139	 38.647056
  20.904944	 38.647917
  20.908306	 38.647917
  20.909111	 38.648722
  20.910000	 38.648722
  20.910778	 38.649528
  20.913278	 38.649528
  20.914139	 38.648722
  20.920861	 38.648722
  20.921667	 38.647944
  20.923333	 38.647944
  20.924139	 38.647083
  20.926639	 38.647083
  20.927500	 38.647889
  20.928306	 38.647889
  20.929167	 38.648750
  20.930778	 38.647083
  20.933333	 38.647083
  20.934139	 38.647889
  20.936611	 38.647889
  20.939972	 38.651194
  20.941667	 38.651194
  20.942444	 38.652056
  20.943333	 38.652056
  20.944139	 38.652917
  20.947500	 38.652917
  20.948306	 38.653722
  20.955806	 38.653722
  20.956611	 38.652944
  20.957500	 38.652944
  20.958306	 38.652083
  20.959167	 38.652083
  20.959972	 38.651222
  20.960778	 38.651222
  20.961222	 38.650806
  20.961222	 38.645778
  20.962083	 38.644972
  20.962083	 38.642472
  20.959528	 38.640000
  20.959528	 38.639139
  20.954583	 38.634167
  20.954583	 38.633306
  20.953333	 38.632056
  20.951583	 38.632056
  20.950778	 38.631250
  20.944139	 38.631250
  20.943278	 38.630444
  20.942472	 38.630444
  20.941667	 38.629583
  20.940806	 38.629583
  20.939111	 38.627917
  20.938306	 38.627917
  20.937528	 38.627056
  20.936639	 38.627056
  20.934972	 38.625389
  20.934167	 38.625389
  20.933722	 38.625000
  20.933722	 38.624139
  20.933278	 38.623722
  20.932472	 38.623722
  20.932056	 38.623333
  20.932056	 38.621667
  20.931250	 38.620806
  20.931250	 38.618306
  20.928778	 38.615833
  20.928778	 38.614972
  20.928333	 38.614583
  20.925778	 38.614583
  20.924972	 38.615389
  20.924167	 38.614583
  20.919139	 38.614583
  20.918333	 38.613778
  20.915806	 38.613778
  20.913306	 38.611250
  20.912444	 38.611250
  20.911639	 38.610389
  20.909972	 38.610389
  20.909167	 38.611250
  20.904139	 38.611250
  20.903333	 38.610389
  20.900833	 38.610389
  20.900417	 38.609972
  20.900417	 38.609111
  20.899111	 38.607917
  20.897500	 38.607917
  20.894139	 38.604528
  20.893333	 38.604528
  20.892917	 38.604139
  20.892917	 38.603333
  20.892472	 38.602944
  20.891667	 38.602944
  20.890000	 38.601222
  20.887500	 38.601222
  20.886639	 38.600417
  20.885750	 38.600417
  20.885389	 38.600000
  20.885389	 38.597500
  20.885778	 38.597083
  20.886639	 38.597083
  20.887444	 38.596222
  20.888333	 38.596222
  20.888750	 38.596639
  20.888750	 38.597500
  20.889111	 38.597889
  20.890000	 38.597889
  20.890806	 38.597083
  20.891667	 38.597889
  20.892917	 38.596639
  20.892917	 38.595778
  20.892056	 38.594972
  20.892056	 38.594167
  20.890361	 38.592444
  20.890361	 38.591667
  20.889583	 38.590806
  20.889583	 38.590000
  20.887889	 38.588333
  20.887889	 38.587472
  20.887472	 38.587083
  20.886667	 38.587083
  20.885361	 38.585806
  20.885361	 38.584944
  20.881194	 38.580833
  20.881194	 38.579972
  20.880778	 38.579583
  20.879972	 38.579583
  20.878278	 38.577917
  20.874139	 38.577917
  20.873333	 38.577056
  20.870861	 38.577056
  20.870417	 38.577500
  20.870417	 38.578306
  20.869528	 38.579167
  20.869528	 38.583333
  20.871194	 38.585000
  20.870833	 38.585389
  20.869972	 38.585389
  20.869528	 38.585806
  20.869528	 38.586667
  20.868722	 38.587444
  20.868722	 38.588306
  20.869972	 38.589583
  20.870833	 38.589583
  20.871278	 38.589972
  20.869944	 38.591250
  20.869167	 38.591222
  20.868722	 38.591639
  20.868722	 38.592500
  20.867917	 38.593306
nan nan
  20.734583	 38.639139
  20.734583	 38.641639
  20.735389	 38.642500
  20.735389	 38.643306
  20.736194	 38.644111
  20.736167	 38.644972
  20.737917	 38.646639
  20.737917	 38.648361
  20.738722	 38.649167
  20.738750	 38.661639
  20.739556	 38.662500
  20.738750	 38.663306
  20.738722	 38.664139
  20.739167	 38.664556
  20.739972	 38.664556
  20.741222	 38.665806
  20.740417	 38.666611
nan nan
  20.750417	 38.666639
  20.750417	 38.665778
  20.750778	 38.665389
  20.754139	 38.665389
  20.754944	 38.664583
  20.755806	 38.664583
  20.756611	 38.663722
  20.759972	 38.663750
  20.760417	 38.663333
  20.760417	 38.661667
  20.761222	 38.660833
  20.761222	 38.659972
  20.762472	 38.658694
  20.762917	 38.659167
  20.762889	 38.662472
  20.763694	 38.663333
  20.763694	 38.664944
  20.762889	 38.665806
  20.762889	 38.666667
nan nan
  20.779167	 38.666250
  20.781667	 38.663722
  20.782444	 38.663722
  20.782889	 38.664139
  20.782889	 38.664972
  20.782444	 38.665389
  20.781639	 38.665444
  20.779611	 38.667500
nan nan
  20.790417	 38.666667
  20.790417	 38.665806
  20.790833	 38.665389
  20.791222	 38.665806
  20.791194	 38.666667
nan nan
  20.799528	 38.666667
  20.799528	 38.664167
  20.797861	 38.662500
  20.798306	 38.662028
  20.799167	 38.662028
  20.801222	 38.664167
  20.801222	 38.664972
  20.801639	 38.665361
  20.802444	 38.665361
  20.802889	 38.665833
  20.802889	 38.666667
nan nan
  20.809611	 38.666694
  20.808722	 38.665833
  20.808722	 38.663306
  20.808306	 38.662917
  20.807500	 38.663778
  20.807056	 38.663306
  20.807056	 38.660861
  20.807861	 38.660000
  20.807861	 38.659139
  20.807500	 38.658722
  20.805833	 38.658722
  20.805028	 38.657917
  20.804139	 38.657917
  20.803278	 38.657056
  20.801611	 38.657056
  20.801222	 38.656667
  20.801250	 38.655806
  20.800806	 38.655417
  20.799111	 38.655389
  20.798750	 38.655000
  20.799111	 38.654528
  20.804167	 38.654556
  20.805417	 38.653306
  20.805417	 38.652500
  20.804972	 38.652083
  20.804167	 38.652083
  20.803306	 38.651222
  20.800806	 38.651222
  20.799583	 38.650028
  20.799583	 38.649167
  20.799139	 38.648694
  20.798333	 38.648694
  20.797472	 38.649556
  20.796667	 38.649556
  20.795861	 38.650417
  20.795417	 38.650000
  20.795417	 38.649167
  20.794167	 38.647889
  20.793306	 38.647889
  20.792444	 38.647083
  20.790833	 38.647083
  20.790389	 38.646639
  20.790389	 38.645833
  20.788722	 38.644167
  20.788722	 38.643306
  20.788278	 38.642917
  20.784139	 38.642889
  20.783333	 38.643694
  20.782083	 38.642500
  20.782083	 38.640833
  20.781639	 38.640361
  20.778306	 38.640417
  20.777500	 38.641222
  20.776611	 38.640417
  20.775806	 38.640417
  20.774944	 38.639556
  20.772472	 38.639556
  20.771222	 38.640806
  20.771222	 38.642472
  20.767472	 38.646250
  20.766611	 38.645389
  20.765000	 38.645389
  20.763694	 38.644167
  20.763694	 38.642444
  20.761667	 38.640389
  20.760861	 38.641250
  20.760417	 38.640861
  20.760417	 38.640000
  20.759556	 38.639139
  20.759556	 38.638333
  20.757889	 38.636667
  20.757889	 38.635806
  20.758750	 38.635000
  20.757000	 38.633278
  20.757028	 38.631639
  20.756222	 38.630833
  20.757028	 38.629972
  20.756222	 38.629167
  20.756222	 38.627500
  20.754556	 38.625778
  20.755000	 38.625389
  20.755806	 38.625389
  20.756611	 38.624583
  20.757472	 38.624583
  20.758278	 38.623722
  20.759167	 38.624583
  20.767944	 38.615806
  20.767944	 38.615000
  20.770000	 38.612889
  20.770806	 38.612889
  20.771667	 38.612083
  20.772472	 38.612083
  20.773278	 38.611222
  20.774167	 38.611222
  20.774972	 38.610361
  20.776639	 38.610389
  20.777444	 38.609583
  20.779111	 38.609583
  20.779556	 38.609139
  20.779556	 38.608333
  20.780000	 38.607917
  20.780806	 38.607917
  20.781611	 38.607083
  20.784167	 38.607083
  20.785778	 38.605417
  20.786639	 38.605417
  20.787444	 38.604556
  20.788333	 38.604556
  20.789139	 38.603694
  20.790806	 38.603722
  20.791611	 38.602917
  20.794972	 38.602917
  20.795833	 38.602056
  20.796639	 38.602056
  20.798694	 38.599944
  20.798694	 38.599139
  20.799583	 38.598333
  20.799583	 38.597500
  20.800028	 38.597028
  20.800806	 38.597028
  20.802500	 38.595444
  20.803306	 38.595444
  20.804167	 38.594583
  20.804972	 38.594583
  20.806667	 38.592917
  20.807472	 38.592917
  20.807889	 38.592472
  20.807917	 38.591667
  20.808333	 38.591222
  20.810028	 38.591222
  20.812861	 38.588306
  20.811639	 38.587028
  20.810028	 38.587083
  20.809139	 38.587889
  20.808278	 38.587889
  20.807472	 38.588750
  20.806611	 38.587889
  20.805806	 38.587889
  20.804556	 38.589139
  20.804556	 38.590000
  20.804111	 38.590389
  20.803306	 38.589583
  20.801639	 38.589583
  20.800833	 38.590389
  20.799972	 38.590389
  20.799167	 38.591194
  20.797472	 38.591250
  20.797111	 38.591639
  20.797111	 38.592500
  20.796667	 38.592917
  20.795806	 38.592917
  20.793306	 38.595417
  20.792500	 38.595417
  20.792056	 38.595806
  20.792056	 38.596667
  20.791250	 38.597472
  20.791250	 38.599139
  20.790806	 38.599583
  20.789944	 38.599583
  20.789139	 38.600389
  20.787472	 38.600389
  20.785778	 38.602111
  20.784167	 38.602083
  20.783722	 38.602500
  20.783722	 38.603306
  20.783306	 38.603694
  20.781611	 38.603694
  20.780806	 38.604556
  20.778333	 38.604556
  20.777444	 38.605417
  20.774972	 38.605389
  20.774167	 38.606250
  20.771694	 38.606250
  20.769139	 38.608750
  20.768333	 38.608750
  20.767889	 38.609167
  20.767889	 38.609972
  20.767528	 38.610361
  20.765833	 38.610361
  20.764972	 38.611222
  20.764167	 38.611222
  20.762472	 38.612917
  20.761667	 38.612917
  20.760361	 38.614111
  20.760361	 38.614972
  20.760000	 38.615389
  20.757500	 38.615444
  20.755389	 38.617500
  20.755389	 38.618333
  20.755028	 38.618750
  20.754139	 38.618750
  20.753694	 38.619139
  20.753694	 38.619944
  20.753333	 38.620417
  20.751667	 38.620389
  20.751222	 38.620806
  20.751222	 38.622472
  20.749972	 38.623722
  20.749167	 38.623722
  20.748278	 38.624583
  20.747500	 38.624556
  20.747056	 38.624972
  20.747056	 38.625833
  20.746250	 38.626639
  20.746250	 38.627472
  20.745806	 38.627889
  20.745000	 38.627889
  20.744111	 38.628750
  20.743306	 38.628750
  20.742056	 38.630000
  20.742056	 38.630861
  20.741639	 38.631250
  20.739944	 38.631250
  20.737889	 38.633306
  20.737889	 38.634167
  20.737083	 38.634972
  20.737083	 38.635806
  20.736639	 38.636222
  20.735778	 38.636222
  20.735417	 38.636667
  20.735389	 38.638278
  20.734583	 38.639139
nan nan
  20.894528	 38.543306
  20.894583	 38.550806
  20.895389	 38.551667
  20.895361	 38.562472
  20.896250	 38.563333
  20.896250	 38.565000
  20.897472	 38.566250
  20.899167	 38.566250
  20.899583	 38.565861
  20.899583	 38.565000
  20.900833	 38.563750
  20.902444	 38.563750
  20.902889	 38.564139
  20.902861	 38.565861
  20.903750	 38.566667
  20.903750	 38.567472
  20.904556	 38.568333
  20.904556	 38.569972
  20.905417	 38.570833
  20.905417	 38.571639
  20.907889	 38.574167
  20.907889	 38.575833
  20.909139	 38.577083
  20.910000	 38.577083
  20.917056	 38.584139
  20.917056	 38.584972
  20.920333	 38.588306
  20.920333	 38.589167
  20.922083	 38.590833
  20.922083	 38.591639
  20.923778	 38.593333
  20.923750	 38.594139
  20.924556	 38.594944
  20.924556	 38.595806
  20.924917	 38.596250
  20.925806	 38.596278
  20.926667	 38.597056
  20.927472	 38.597056
  20.929528	 38.599194
  20.929528	 38.600778
  20.932500	 38.603694
  20.933306	 38.603694
  20.934111	 38.604556
  20.938278	 38.604556
  20.939583	 38.603306
  20.939583	 38.600806
  20.941250	 38.599139
  20.941250	 38.598333
  20.940389	 38.597472
  20.940389	 38.596667
  20.939944	 38.596278
  20.935806	 38.596278
  20.935000	 38.595417
  20.934111	 38.595417
  20.932889	 38.594139
  20.932889	 38.593361
  20.932083	 38.592500
  20.932083	 38.589972
  20.931194	 38.589167
  20.931194	 38.586639
  20.932083	 38.585806
  20.931639	 38.585389
  20.930833	 38.585389
  20.929972	 38.584583
  20.929083	 38.584583
  20.928722	 38.584139
  20.929528	 38.583278
  20.928722	 38.582472
  20.928722	 38.581667
  20.927944	 38.580806
  20.927944	 38.579944
  20.926611	 38.578750
  20.925833	 38.578750
  20.925389	 38.578306
  20.925389	 38.577500
  20.924500	 38.576639
  20.924500	 38.574972
  20.924139	 38.574583
  20.920806	 38.574583
  20.917444	 38.571250
  20.915778	 38.571250
  20.913306	 38.568722
  20.912500	 38.568722
  20.912056	 38.568333
  20.913722	 38.566667
  20.913722	 38.565806
  20.911611	 38.563750
  20.910028	 38.563750
  20.909583	 38.563278
  20.910833	 38.562083
  20.911611	 38.562083
  20.912056	 38.561639
  20.912056	 38.560833
  20.911639	 38.560417
  20.909139	 38.560417
  20.907917	 38.559167
  20.907917	 38.555000
  20.907472	 38.554583
  20.906611	 38.554583
  20.906250	 38.554194
  20.906250	 38.553333
  20.905806	 38.552861
  20.900861	 38.552861
  20.900417	 38.552472
  20.901222	 38.551667
  20.901222	 38.550806
  20.901667	 38.550417
  20.902444	 38.550417
  20.903694	 38.549139
  20.903694	 38.548361
  20.902889	 38.547500
  20.904139	 38.546222
  20.905806	 38.546222
  20.906167	 38.545833
  20.906194	 38.544111
  20.907944	 38.542528
  20.907861	 38.540806
  20.908750	 38.540000
  20.908306	 38.539583
  20.907500	 38.539583
  20.906194	 38.540806
  20.906194	 38.541639
  20.905028	 38.542917
  20.904139	 38.542917
  20.903333	 38.542056
  20.900806	 38.542056
  20.900417	 38.542500
  20.900417	 38.543306
  20.900000	 38.543722
  20.899111	 38.543722
  20.898750	 38.543306
  20.898750	 38.542500
  20.897889	 38.541639
  20.897889	 38.540778
  20.897444	 38.540389
  20.896639	 38.540389
  20.895389	 38.541639
  20.895389	 38.542500
  20.894528	 38.543306
nan nan
  20.700389	 38.544972
  20.700417	 38.557500
  20.701222	 38.558306
  20.701194	 38.561639
  20.701639	 38.562083
  20.702528	 38.562083
  20.703667	 38.563306
  20.703750	 38.565000
  20.704556	 38.565806
  20.704528	 38.566611
  20.705833	 38.567944
  20.707528	 38.567944
  20.708333	 38.568750
  20.713278	 38.568694
  20.714167	 38.567889
  20.716639	 38.567889
  20.719111	 38.565389
  20.720000	 38.565389
  20.720444	 38.565000
  20.720444	 38.563333
  20.720806	 38.562889
  20.721611	 38.562889
  20.722917	 38.561667
  20.722861	 38.559167
  20.721194	 38.557500
  20.721194	 38.556639
  20.720389	 38.555833
  20.720417	 38.551667
  20.719194	 38.550389
  20.717500	 38.550389
  20.717083	 38.550000
  20.717861	 38.549139
  20.717889	 38.544944
  20.718333	 38.544556
  20.719139	 38.544556
  20.720361	 38.543306
  20.720389	 38.542444
  20.719944	 38.542056
  20.718333	 38.542056
  20.717917	 38.541639
  20.717917	 38.539972
  20.717472	 38.539583
  20.716667	 38.539583
  20.714917	 38.537917
  20.712444	 38.537917
  20.712083	 38.538306
  20.712083	 38.539972
  20.711639	 38.540361
  20.710778	 38.540361
  20.709972	 38.541222
  20.706611	 38.541222
  20.705806	 38.542056
  20.704139	 38.542056
  20.703333	 38.542917
  20.701639	 38.542917
  20.701222	 38.543306
  20.701194	 38.544111
  20.700389	 38.544972
nan nan
  20.796194	 38.480806
  20.796194	 38.482444
  20.798722	 38.484972
  20.798722	 38.485778
  20.799167	 38.486250
  20.800028	 38.486250
  20.800833	 38.487111
  20.802500	 38.487111
  20.802861	 38.487500
  20.802861	 38.489167
  20.804167	 38.490417
  20.805778	 38.490361
  20.806194	 38.490833
  20.806194	 38.492500
  20.806639	 38.492889
  20.807500	 38.492889
  20.807861	 38.493306
  20.807861	 38.495000
  20.808306	 38.495417
  20.809972	 38.495417
  20.810417	 38.495806
  20.810417	 38.497472
  20.811639	 38.498722
  20.812444	 38.498750
  20.813306	 38.499528
  20.814194	 38.499528
  20.815778	 38.501250
  20.816667	 38.501250
  20.817472	 38.502056
  20.823361	 38.502083
  20.824528	 38.500806
  20.824528	 38.500028
  20.824083	 38.499556
  20.823306	 38.499556
  20.822944	 38.499167
  20.823750	 38.498306
  20.823750	 38.494167
  20.822861	 38.493306
  20.824556	 38.491667
  20.824556	 38.489139
  20.824111	 38.488750
  20.823333	 38.488750
  20.822889	 38.488333
  20.822889	 38.487472
  20.822083	 38.486667
  20.822083	 38.485806
  20.821222	 38.484972
  20.821222	 38.483361
  20.821667	 38.482889
  20.823250	 38.482889
  20.823694	 38.482500
  20.823694	 38.481639
  20.822917	 38.480833
  20.822917	 38.479972
  20.820000	 38.477056
  20.816639	 38.477056
  20.815778	 38.476194
  20.814972	 38.476194
  20.813750	 38.477500
  20.813750	 38.478306
  20.813306	 38.478694
  20.810833	 38.478694
  20.808722	 38.476639
  20.809528	 38.475833
  20.809167	 38.475389
  20.808361	 38.475389
  20.807500	 38.474583
  20.804139	 38.474583
  20.802889	 38.475833
  20.802889	 38.476639
  20.802444	 38.477028
  20.797500	 38.477083
  20.797083	 38.477472
  20.797056	 38.480000
  20.796194	 38.480806
nan nan
  20.992472	 38.363722
  20.990806	 38.363722
  20.989556	 38.364972
  20.989556	 38.366639
  20.991250	 38.368306
  20.991250	 38.371611
  20.990361	 38.372472
  20.990361	 38.373333
  20.992028	 38.375000
  20.992028	 38.377444
  20.992472	 38.377917
nan nan
  20.786194	 38.584139
  20.786194	 38.585778
  20.786639	 38.586194
  20.791667	 38.586194
  20.792472	 38.585389
  20.793278	 38.585417
  20.794139	 38.586194
  20.795806	 38.586222
  20.796694	 38.587056
  20.798306	 38.587083
  20.799167	 38.587861
  20.800833	 38.587889
  20.802444	 38.586222
  20.805000	 38.586222
  20.805444	 38.585833
  20.805444	 38.584972
  20.805806	 38.584556
  20.806611	 38.584556
  20.807917	 38.583306
  20.807861	 38.580861
  20.808750	 38.580000
  20.808306	 38.579528
  20.805833	 38.579528
  20.805028	 38.580389
  20.804139	 38.580389
  20.803694	 38.579972
  20.803722	 38.579111
  20.803333	 38.578722
  20.800806	 38.578722
  20.799111	 38.580389
  20.794944	 38.580361
  20.794167	 38.581222
  20.792472	 38.581222
  20.792111	 38.581667
  20.792111	 38.583278
  20.791667	 38.583750
  20.790000	 38.583750
  20.789111	 38.582889
  20.788306	 38.583722
  20.786639	 38.583722
  20.786194	 38.584139
nan nan
  20.417083	 38.139194
  20.417056	 38.140000
  20.418278	 38.141250
  20.418722	 38.140806
  20.418722	 38.140000
  20.419972	 38.138750
  20.420833	 38.138750
  20.422083	 38.137500
  20.422083	 38.136639
  20.423333	 38.135444
  20.424139	 38.135389
  20.425000	 38.136250
  20.425806	 38.136194
  20.427111	 38.135000
  20.427056	 38.132472
  20.426694	 38.132083
  20.424167	 38.132056
  20.423306	 38.131194
  20.422500	 38.132056
  20.421694	 38.132056
  20.420389	 38.133306
  20.420361	 38.135833
  20.420000	 38.136222
  20.419139	 38.136222
  20.418694	 38.136611
  20.418694	 38.137472
  20.417083	 38.139194
nan nan
  20.731250	 38.658306
  20.732472	 38.659556
  20.733278	 38.659556
  20.733722	 38.660028
  20.733722	 38.660833
  20.734139	 38.661222
  20.735833	 38.661222
  20.737083	 38.659972
  20.737083	 38.659167
  20.736278	 38.658306
  20.736222	 38.655778
  20.734972	 38.654583
  20.733306	 38.654583
  20.732861	 38.654972
  20.732861	 38.655778
  20.732056	 38.656639
  20.732056	 38.657500
  20.731250	 38.658306
nan nan
  20.850417	 38.560833
  20.850417	 38.561694
  20.851194	 38.562472
  20.850389	 38.563278
  20.850389	 38.564139
  20.850833	 38.564611
  20.851639	 38.564556
  20.852500	 38.565417
  20.855000	 38.565417
  20.855417	 38.565000
  20.855417	 38.564139
  20.854556	 38.563278
  20.854556	 38.561694
  20.854111	 38.561222
  20.853306	 38.561222
  20.852528	 38.560361
  20.850833	 38.560361
  20.850417	 38.560833
nan nan
  20.935417	 38.607472
  20.937444	 38.609556
  20.940806	 38.609556
  20.941250	 38.609139
  20.941250	 38.608278
  20.940389	 38.607500
  20.940389	 38.605833
  20.940028	 38.605417
  20.937472	 38.605417
  20.935417	 38.607472
nan nan
  20.747056	 38.332472
  20.747028	 38.335806
  20.747917	 38.336667
  20.747917	 38.337472
  20.748333	 38.337861
  20.751250	 38.334944
  20.751250	 38.333361
  20.750833	 38.332889
  20.749167	 38.332889
  20.748361	 38.332083
  20.747500	 38.332083
  20.747056	 38.332472
nan nan
  20.484583	 38.143333
  20.484583	 38.144139
  20.484944	 38.144556
  20.486667	 38.144556
  20.487917	 38.143306
  20.487917	 38.142500
  20.488722	 38.141639
  20.488722	 38.139972
  20.488306	 38.139583
  20.487500	 38.139583
  20.485389	 38.141611
  20.485389	 38.142472
  20.484583	 38.143333
nan nan
  20.922917	 38.571639
  20.922917	 38.573306
  20.923361	 38.573722
  20.925833	 38.573722
  20.926250	 38.573306
  20.926278	 38.572444
  20.927056	 38.571667
  20.926639	 38.571250
  20.923361	 38.571250
  20.922917	 38.571639
nan nan
  20.882944	 38.545806
  20.882944	 38.546667
  20.884111	 38.547861
  20.885833	 38.547861
  20.886222	 38.547472
  20.886222	 38.545806
  20.884972	 38.544556
  20.884111	 38.544556
  20.882944	 38.545806
nan nan
  20.542056	 38.084972
  20.542028	 38.086639
  20.542472	 38.087083
  20.545000	 38.087056
  20.545444	 38.086639
  20.545389	 38.084972
  20.545028	 38.084528
  20.542472	 38.084583
  20.542056	 38.084972
nan nan
  20.581194	 38.102472
  20.581250	 38.103306
  20.581611	 38.103722
  20.585833	 38.103722
  20.586250	 38.103333
  20.584972	 38.102083
  20.581639	 38.102056
  20.581194	 38.102472
nan nan
  20.595444	 38.432500
  20.595806	 38.432889
  20.598278	 38.432889
  20.599611	 38.431639
  20.599611	 38.430778
  20.599167	 38.430389
  20.597500	 38.430389
  20.595444	 38.432500
nan nan
  20.867917	 38.635806
  20.867889	 38.638333
  20.868333	 38.638722
  20.869944	 38.638722
  20.870389	 38.638333
  20.870389	 38.636611
  20.869139	 38.635417
  20.868333	 38.635417
  20.867917	 38.635806
nan nan
  20.573694	 38.098306
  20.573694	 38.099167
  20.574972	 38.100389
  20.576639	 38.100389
  20.577083	 38.099972
  20.577083	 38.099194
  20.576639	 38.098722
  20.575778	 38.098722
  20.575000	 38.097917
  20.574111	 38.097917
  20.573694	 38.098306
nan nan
  20.410417	 38.345000
  20.412444	 38.347083
  20.412861	 38.346611
  20.412889	 38.344167
  20.412472	 38.343694
  20.411667	 38.343694
  20.410417	 38.345000
nan nan
  20.968722	 38.483306
  20.968722	 38.484167
  20.969167	 38.484583
  20.970833	 38.484583
  20.971278	 38.484167
  20.971278	 38.483306
  20.969972	 38.482056
  20.968722	 38.483306
nan nan
  20.517056	 38.099111
  20.517028	 38.099972
  20.517472	 38.100389
  20.519139	 38.100389
  20.519583	 38.100000
  20.519583	 38.099139
  20.518278	 38.097917
  20.517056	 38.099111
nan nan
  20.519528	 38.096611
  20.519583	 38.097472
  20.520806	 38.098722
  20.522056	 38.097472
  20.522056	 38.096639
  20.521639	 38.096222
  20.519972	 38.096222
  20.519528	 38.096611
nan nan
  20.447083	 38.367500
  20.448306	 38.368722
  20.449111	 38.368722
  20.449556	 38.368306
  20.449556	 38.366667
  20.449139	 38.366194
  20.448333	 38.366194
  20.447083	 38.367500
nan nan
  20.703722	 38.425833
  20.703722	 38.426639
  20.704167	 38.427028
  20.706639	 38.427056
  20.707083	 38.426639
  20.705778	 38.425389
  20.704167	 38.425444
  20.703722	 38.425833
nan nan
  20.697917	 38.375000
  20.697889	 38.375806
  20.698333	 38.376194
  20.699139	 38.376194
  20.700389	 38.375000
  20.700389	 38.374139
  20.700028	 38.373750
  20.699139	 38.373750
  20.697917	 38.375000
nan nan
  20.532861	 38.422472
  20.532917	 38.424194
  20.533278	 38.424583
  20.534167	 38.424528
  20.534611	 38.424139
  20.534556	 38.422472
  20.534167	 38.422083
  20.533306	 38.422083
  20.532861	 38.422472
nan nan
  20.561222	 38.088306
  20.561222	 38.089167
  20.561639	 38.089556
  20.563306	 38.089583
  20.563750	 38.089167
  20.563750	 38.088306
  20.563306	 38.087917
  20.561667	 38.087917
  20.561222	 38.088306
nan nan
  20.402083	 38.359167
  20.402444	 38.359556
  20.405000	 38.359583
  20.405361	 38.359111
  20.405361	 38.358306
  20.404944	 38.357917
  20.404139	 38.357917
  20.403333	 38.358694
  20.402444	 38.358750
  20.402083	 38.359167
nan nan
  20.866250	 38.629972
  20.866222	 38.630833
  20.866667	 38.631222
  20.868361	 38.631222
  20.868722	 38.630778
  20.868722	 38.629972
  20.868361	 38.629583
  20.866667	 38.629583
  20.866250	 38.629972
nan nan
  20.482917	 38.122500
  20.484139	 38.123694
  20.485389	 38.122500
  20.485389	 38.121639
  20.485028	 38.121250
  20.484167	 38.121250
  20.482917	 38.122500
nan nan
  20.867944	 38.618306
  20.869972	 38.621222
  20.870417	 38.620833
  20.870417	 38.619167
  20.869972	 38.618750
  20.869111	 38.618750
  20.868306	 38.617889
  20.867944	 38.618306
nan nan
  20.445417	 38.365833
  20.445778	 38.366250
  20.446667	 38.366250
  20.447917	 38.365000
  20.446667	 38.363722
  20.446250	 38.364111
  20.446222	 38.364972
  20.445417	 38.365833
nan nan
  20.711222	 38.369139
  20.711667	 38.369528
  20.713333	 38.369556
  20.713778	 38.369139
  20.713778	 38.368278
  20.713333	 38.367889
  20.712472	 38.367889
  20.711222	 38.369139
nan nan
  20.352028	 38.249972
  20.352028	 38.250778
  20.352472	 38.251250
  20.353333	 38.251194
  20.353694	 38.250806
  20.353722	 38.249139
  20.353278	 38.248722
  20.352028	 38.249972
nan nan
  20.535389	 38.425806
  20.535389	 38.426667
  20.535833	 38.427056
  20.536611	 38.427056
  20.537056	 38.426667
  20.537083	 38.424944
  20.536639	 38.424556
  20.535389	 38.425806
nan nan
  20.375389	 38.269972
  20.375361	 38.270833
  20.375806	 38.271222
  20.377472	 38.271250
  20.377917	 38.270833
  20.376611	 38.269583
  20.375806	 38.269583
  20.375389	 38.269972
nan nan
  20.373750	 38.265833
  20.373750	 38.266639
  20.374111	 38.267056
  20.375833	 38.267056
  20.376194	 38.266667
  20.374972	 38.265389
  20.374111	 38.265389
  20.373750	 38.265833
nan nan
  20.487083	 38.128361
  20.488306	 38.129556
  20.489528	 38.128306
  20.488306	 38.127056
  20.487083	 38.128361
nan nan
  20.488722	 38.130833
  20.488722	 38.131611
  20.489139	 38.132028
  20.489944	 38.132028
  20.490389	 38.131639
  20.490389	 38.129972
  20.489972	 38.129583
  20.488722	 38.130833
nan nan
  20.753722	 38.616639
  20.753722	 38.617472
  20.754139	 38.617889
  20.756194	 38.615833
  20.755750	 38.615417
  20.754972	 38.615417
  20.753722	 38.616639
nan nan
  20.417833	 38.133361
  20.417917	 38.134167
  20.418278	 38.134556
  20.419139	 38.134556
  20.419583	 38.134167
  20.419583	 38.133306
  20.419167	 38.132917
  20.418278	 38.132889
  20.417833	 38.133361
nan nan
  20.546250	 38.561639
  20.546250	 38.562500
  20.546611	 38.562917
  20.547472	 38.562917
  20.547917	 38.562500
  20.547917	 38.561639
  20.547500	 38.561250
  20.546611	 38.561250
  20.546250	 38.561639
nan nan
  20.443722	 38.359139
  20.443722	 38.360000
  20.444167	 38.360389
  20.444972	 38.360389
  20.445389	 38.360000
  20.445417	 38.359139
  20.444972	 38.358750
  20.444167	 38.358722
  20.443722	 38.359139
nan nan
  20.352861	 38.255833
  20.352861	 38.256639
  20.353278	 38.257028
  20.354139	 38.257028
  20.354583	 38.256639
  20.354583	 38.255833
  20.354167	 38.255444
  20.353306	 38.255417
  20.352861	 38.255833
nan nan
  20.548750	 38.607500
  20.548722	 38.608278
  20.549167	 38.608694
  20.549972	 38.608694
  20.550417	 38.608306
  20.550417	 38.607500
  20.549972	 38.607083
  20.549167	 38.607083
  20.548750	 38.607500
nan nan
  20.338750	 38.194111
  20.338750	 38.194972
  20.339167	 38.195444
  20.339972	 38.195444
  20.340417	 38.194972
  20.339194	 38.193722
  20.338750	 38.194111
nan nan
  20.485389	 38.119139
  20.485389	 38.120000
  20.485833	 38.120389
  20.487056	 38.119139
  20.486639	 38.118750
  20.485778	 38.118722
  20.485389	 38.119139
nan nan
  20.395417	 38.338278
  20.395861	 38.338750
  20.396667	 38.338750
  20.397028	 38.338306
  20.397028	 38.337500
  20.396611	 38.337028
  20.395417	 38.338278
nan nan
  20.674528	 38.480000
  20.674528	 38.480806
  20.674972	 38.481222
  20.675833	 38.481222
  20.676194	 38.480806
  20.674972	 38.479556
  20.674528	 38.480000
nan nan
  20.854556	 38.559972
  20.855806	 38.561222
  20.856222	 38.560833
  20.856250	 38.559972
  20.855806	 38.559583
  20.855000	 38.559583
  20.854556	 38.559972
nan nan
  20.918750	 38.570861
  20.920000	 38.572056
  20.920361	 38.571639
  20.920361	 38.570861
  20.920000	 38.570389
  20.919111	 38.570389
  20.918750	 38.570861
nan nan
  20.901278	 38.565000
  20.901278	 38.565861
  20.901639	 38.566194
  20.902083	 38.565861
  20.902083	 38.565000
  20.901639	 38.564528
  20.901278	 38.565000
